862
1.4724658e+00	3.1683935e+00	-5.0692243e-02
1.4724658e+00	1.1010378e+01	-4.4552668e-02
1.4724658e+00	1.8852363e+01	-3.8606583e-02
1.4724658e+00	2.6694348e+01	-3.2778448e-02
1.4724658e+00	3.4536333e+01	-2.7096577e-02
1.4724658e+00	4.2378318e+01	-2.1599088e-02
1.4724658e+00	5.0220303e+01	-1.6325955e-02
1.4724658e+00	5.8062287e+01	-1.1317960e-02
1.4724658e+00	6.5904272e+01	-6.6173843e-03
1.4724658e+00	7.3746257e+01	-2.2700339e-03
1.4724658e+00	8.1588242e+01	1.6705942e-03
1.4724658e+00	8.9430227e+01	5.1345932e-03
1.4724658e+00	9.7272212e+01	8.0158262e-03
1.4724658e+00	1.0511420e+02	1.0120556e-02
1.4724658e+00	1.1295618e+02	1.1005500e-02
1.4724658e+00	1.2079817e+02	9.4745208e-03
1.4724658e+00	1.2864015e+02	8.7990483e-03
1.4724658e+00	1.3648214e+02	7.8858941e-03
1.4724658e+00	1.4432412e+02	6.4294556e-03
1.4724658e+00	1.5216611e+02	4.3760554e-03
1.4724658e+00	1.6000809e+02	1.6681476e-03
1.4724658e+00	1.6785008e+02	-1.7518675e-03
1.4724658e+00	1.7569206e+02	-5.7609073e-03
1.4724658e+00	1.8353404e+02	-1.1853104e-02
1.4724658e+00	1.9137603e+02	-1.9823598e-02
1.4724658e+00	1.9921801e+02	-2.8980954e-02
7.7437412e+00	3.1683935e+00	-4.3517641e-02
7.7437412e+00	1.1010378e+01	-3.6179367e-02
7.7437412e+00	1.8852363e+01	-2.7757070e-02
7.7437412e+00	2.6694348e+01	-2.0320037e-02
7.7437412e+00	3.4536333e+01	-1.3710815e-02
7.7437412e+00	4.2378318e+01	-7.6183548e-03
7.7437412e+00	5.0220303e+01	-1.9235798e-03
7.7437412e+00	5.8062287e+01	3.4094863e-03
7.7437412e+00	6.5904272e+01	8.3681868e-03
7.7437412e+00	7.3746257e+01	1.2898760e-02
7.7437412e+00	8.1588242e+01	1.6898368e-02
7.7437412e+00	8.9430227e+01	2.0190626e-02
7.7437412e+00	9.7272212e+01	2.2473262e-02
7.7437412e+00	1.0511420e+02	2.3206370e-02
7.7437412e+00	1.1295618e+02	2.1268696e-02
7.7437412e+00	1.2079817e+02	1.6456675e-02
7.7437412e+00	1.2864015e+02	1.4853191e-02
7.7437412e+00	1.3648214e+02	1.3284085e-02
7.7437412e+00	1.4432412e+02	1.1148712e-02
7.7437412e+00	1.5216611e+02	8.4091280e-03
7.7437412e+00	1.6000809e+02	5.0172373e-03
7.7437412e+00	1.6785008e+02	1.2745371e-03
7.7437412e+00	1.7569206e+02	-2.3358823e-03
7.7437412e+00	1.8353404e+02	-8.3491008e-03
7.7437412e+00	1.9137603e+02	-1.6429990e-02
7.7437412e+00	1.9921801e+02	-2.5677403e-02
7.7437412e+00	2.0706000e+02	-3.5384523e-02
7.7437412e+00	2.1490198e+02	-4.4875618e-02
1.4015017e+01	3.1683935e+00	-3.6495602e-02
1.4015017e+01	1.1010378e+01	-3.0442036e-02
1.4015017e+01	1.8852363e+01	-2.1348189e-02
1.4015017e+01	2.6694348e+01	-1.1485802e-02
1.4015017e+01	3.4536333e+01	-2.2333739e-03
1.4015017e+01	4.2378318e+01	5.5662439e-03
1.4015017e+01	5.0220303e+01	1.2266994e-02
1.4015017e+01	5.8062287e+01	1.8178882e-02
1.4015017e+01	6.5904272e+01	2.3432234e-02
1.4015017e+01	7.3746257e+01	2.8025699e-02
1.4015017e+01	8.1588242e+01	3.1830906e-02
1.4015017e+01	8.9430227e+01	3.4563465e-02
1.4015017e+01	9.7272212e+01	3.5712584e-02
1.4015017e+01	1.0511420e+02	3.4399106e-02
1.4015017e+01	1.1295618e+02	2.8820868e-02
1.4015017e+01	1.2079817e+02	2.2160658e-02
1.4015017e+01	1.2864015e+02	1.9587536e-02
1.4015017e+01	1.3648214e+02	1.7401302e-02
1.4015017e+01	1.4432412e+02	1.4627709e-02
1.4015017e+01	1.5216611e+02	1.1251997e-02
1.4015017e+01	1.6000809e+02	7.4604059e-03
1.4015017e+01	1.6785008e+02	4.3230397e-03
1.4015017e+01	1.7569206e+02	9.8949821e-04
1.4015017e+01	1.8353404e+02	-4.7479839e-03
1.4015017e+01	1.9137603e+02	-1.2771973e-02
1.4015017e+01	1.9921801e+02	-2.1949754e-02
1.4015017e+01	2.0706000e+02	-3.1462045e-02
1.4015017e+01	2.1490198e+02	-4.0932177e-02
1.4015017e+01	2.2274397e+02	-5.0458115e-02
2.0286292e+01	3.1683935e+00	-2.9817774e-02
2.0286292e+01	1.1010378e+01	-2.5102017e-02
2.0286292e+01	1.8852363e+01	-1.6890646e-02
2.0286292e+01	2.6694348e+01	-6.6921549e-03
2.0286292e+01	3.4536333e+01	3.9869838e-03
2.0286292e+01	4.2378318e+01	1.4159630e-02
2.0286292e+01	5.0220303e+01	2.2952057e-02
2.0286292e+01	5.8062287e+01	3.0083659e-02
2.0286292e+01	6.5904272e+01	3.5965803e-02
2.0286292e+01	7.3746257e+01	4.0781289e-02
2.0286292e+01	8.1588242e+01	4.4453933e-02
2.0286292e+01	8.9430227e+01	4.6624184e-02
2.0286292e+01	9.7272212e+01	4.6565154e-02
2.0286292e+01	1.0511420e+02	4.2387956e-02
2.0286292e+01	1.1295618e+02	3.4432482e-02
2.0286292e+01	1.2079817e+02	2.6639380e-02
2.0286292e+01	1.2864015e+02	2.3078647e-02
2.0286292e+01	1.3648214e+02	2.0309317e-02
2.0286292e+01	1.4432412e+02	1.6945932e-02
2.0286292e+01	1.5216611e+02	1.3110113e-02
2.0286292e+01	1.6000809e+02	1.0026364e-02
2.0286292e+01	1.6785008e+02	7.2928588e-03
2.0286292e+01	1.7569206e+02	4.1506987e-03
2.0286292e+01	1.8353404e+02	-1.2114507e-03
2.0286292e+01	1.9137603e+02	-9.0059418e-03
2.0286292e+01	1.9921801e+02	-1.7838755e-02
2.0286292e+01	2.0706000e+02	-2.6987968e-02
2.0286292e+01	2.1490198e+02	-3.7241556e-02
2.0286292e+01	2.2274397e+02	-4.7537026e-02
2.6557567e+01	3.1683935e+00	-2.3609931e-02
2.6557567e+01	1.1010378e+01	-1.9760743e-02
2.6557567e+01	1.8852363e+01	-1.3054810e-02
2.6557567e+01	2.6694348e+01	-3.4959925e-03
2.6557567e+01	3.4536333e+01	7.2759658e-03
2.6557567e+01	4.2378318e+01	1.8240047e-02
2.6557567e+01	5.0220303e+01	2.8634365e-02
2.6557567e+01	5.8062287e+01	3.7747711e-02
2.6557567e+01	6.5904272e+01	4.4884267e-02
2.6557567e+01	7.3746257e+01	5.0273533e-02
2.6557567e+01	8.1588242e+01	5.4081930e-02
2.6557567e+01	8.9430227e+01	5.5926518e-02
2.6557567e+01	9.7272212e+01	5.4279772e-02
2.6557567e+01	1.0511420e+02	4.7494749e-02
2.6557567e+01	1.1295618e+02	3.8431879e-02
2.6557567e+01	1.2079817e+02	2.9934632e-02
2.6557567e+01	1.2864015e+02	2.5406250e-02
2.6557567e+01	1.3648214e+02	2.2089434e-02
2.6557567e+01	1.4432412e+02	1.8235502e-02
2.6557567e+01	1.5216611e+02	1.5098120e-02
2.6557567e+01	1.6000809e+02	1.2607322e-02
2.6557567e+01	1.6785008e+02	1.0118249e-02
2.6557567e+01	1.7569206e+02	7.1244140e-03
2.6557567e+01	1.8353404e+02	2.1743284e-03
2.6557567e+01	1.9137603e+02	-5.1671973e-03
2.6557567e+01	1.9921801e+02	-1.3341556e-02
2.6557567e+01	2.0706000e+02	-2.2923857e-02
2.6557567e+01	2.1490198e+02	-3.3627958e-02
2.6557567e+01	2.2274397e+02	-4.4368165e-02
3.2828843e+01	3.1683935e+00	-1.7972338e-02
3.2828843e+01	1.1010378e+01	-1.4634681e-02
3.2828843e+01	1.8852363e+01	-9.4289787e-03
3.2828843e+01	2.6694348e+01	-9.8764043e-04
3.2828843e+01	3.4536333e+01	9.2138079e-03
3.2828843e+01	4.2378318e+01	2.0083152e-02
3.2828843e+01	5.0220303e+01	3.0853771e-02
3.2828843e+01	5.8062287e+01	4.0887839e-02
3.2828843e+01	6.5904272e+01	4.9584451e-02
3.2828843e+01	7.3746257e+01	5.6306326e-02
3.2828843e+01	8.1588242e+01	6.0610322e-02
3.2828843e+01	8.9430227e+01	6.2279122e-02
3.2828843e+01	9.7272212e+01	5.8366159e-02
3.2828843e+01	1.0511420e+02	5.0488013e-02
3.2828843e+01	1.1295618e+02	4.0946942e-02
3.2828843e+01	1.2079817e+02	3.2063361e-02
3.2828843e+01	1.2864015e+02	2.6650798e-02
3.2828843e+01	1.3648214e+02	2.2838688e-02
3.2828843e+01	1.4432412e+02	1.9565850e-02
3.2828843e+01	1.5216611e+02	1.7159390e-02
3.2828843e+01	1.6000809e+02	1.5026960e-02
3.2828843e+01	1.6785008e+02	1.2730387e-02
3.2828843e+01	1.7569206e+02	9.8709904e-03
3.2828843e+01	1.8353404e+02	5.3568206e-03
3.2828843e+01	1.9137603e+02	-1.1653372e-03
3.2828843e+01	1.9921801e+02	-9.3353987e-03
3.2828843e+01	2.0706000e+02	-1.9126151e-02
3.2828843e+01	2.1490198e+02	-3.0017059e-02
3.2828843e+01	2.2274397e+02	-4.1121368e-02
3.9100118e+01	3.1683935e+00	-1.3002366e-02
3.9100118e+01	1.1010378e+01	-9.9756770e-03
3.9100118e+01	1.8852363e+01	-5.8942733e-03
3.9100118e+01	2.6694348e+01	1.1872835e-03
3.9100118e+01	3.4536333e+01	1.0481438e-02
3.9100118e+01	4.2378318e+01	2.0822667e-02
3.9100118e+01	5.0220303e+01	3.1430429e-02
3.9100118e+01	5.8062287e+01	4.1667570e-02
3.9100118e+01	6.5904272e+01	5.0943140e-02
3.9100118e+01	7.3746257e+01	5.8676087e-02
3.9100118e+01	8.1588242e+01	6.4169540e-02
3.9100118e+01	8.9430227e+01	6.5107292e-02
3.9100118e+01	9.7272212e+01	6.0332302e-02
3.9100118e+01	1.0511420e+02	5.1910159e-02
3.9100118e+01	1.1295618e+02	4.2032837e-02
3.9100118e+01	1.2079817e+02	3.2937975e-02
3.9100118e+01	1.2864015e+02	2.6892926e-02
3.9100118e+01	1.3648214e+02	2.3364425e-02
3.9100118e+01	1.4432412e+02	2.0824746e-02
3.9100118e+01	1.5216611e+02	1.8850968e-02
3.9100118e+01	1.6000809e+02	1.7043122e-02
3.9100118e+01	1.6785008e+02	1.5003234e-02
3.9100118e+01	1.7569206e+02	1.2338491e-02
3.9100118e+01	1.8353404e+02	8.3841968e-03
3.9100118e+01	1.9137603e+02	2.2754698e-03
3.9100118e+01	1.9921801e+02	-5.8215866e-03
3.9100118e+01	2.0706000e+02	-1.5522049e-02
3.9100118e+01	2.1490198e+02	-2.6394296e-02
3.9100118e+01	2.2274397e+02	-3.7758743e-02
4.5371393e+01	3.1683935e+00	-8.8029561e-03
4.5371393e+01	1.1010378e+01	-5.9611028e-03
4.5371393e+01	1.8852363e+01	-2.4941210e-03
4.5371393e+01	2.6694348e+01	3.1502170e-03
4.5371393e+01	3.4536333e+01	1.1368427e-02
4.5371393e+01	4.2378318e+01	2.0981014e-02
4.5371393e+01	5.0220303e+01	3.1233096e-02
4.5371393e+01	5.8062287e+01	4.1529242e-02
4.5371393e+01	6.5904272e+01	5.1339104e-02
4.5371393e+01	7.3746257e+01	5.9034706e-02
4.5371393e+01	8.1588242e+01	6.3680224e-02
4.5371393e+01	8.9430227e+01	6.4089253e-02
4.5371393e+01	9.7272212e+01	5.8613043e-02
4.5371393e+01	1.0511420e+02	4.9674944e-02
4.5371393e+01	1.1295618e+02	3.9659881e-02
4.5371393e+01	1.2079817e+02	3.0992465e-02
4.5371393e+01	1.2864015e+02	2.5504446e-02
4.5371393e+01	1.3648214e+02	2.2279683e-02
4.5371393e+01	1.4432412e+02	2.0196712e-02
4.5371393e+01	1.5216611e+02	1.8697375e-02
4.5371393e+01	1.6000809e+02	1.7370509e-02
4.5371393e+01	1.6785008e+02	1.5837977e-02
4.5371393e+01	1.7569206e+02	1.3937539e-02
4.5371393e+01	1.8353404e+02	1.1253389e-02
4.5371393e+01	1.9137603e+02	5.1198264e-03
4.5371393e+01	1.9921801e+02	-2.8425035e-03
4.5371393e+01	2.0706000e+02	-1.2239802e-02
4.5371393e+01	2.1490198e+02	-2.2848171e-02
4.5371393e+01	2.2274397e+02	-3.4248031e-02
5.1642669e+01	3.1683935e+00	-5.4829695e-03
5.1642669e+01	1.1010378e+01	-2.7860768e-03
5.1642669e+01	1.8852363e+01	4.5405124e-04
5.1642669e+01	2.6694348e+01	4.9180189e-03
5.1642669e+01	3.4536333e+01	1.1978995e-02
5.1642669e+01	4.2378318e+01	2.0791862e-02
5.1642669e+01	5.0220303e+01	3.0695047e-02
5.1642669e+01	5.8062287e+01	4.0543531e-02
5.1642669e+01	6.5904272e+01	4.8690121e-02
5.1642669e+01	7.3746257e+01	5.5097954e-02
5.1642669e+01	8.1588242e+01	5.9289448e-02
5.1642669e+01	8.9430227e+01	5.9658826e-02
5.1642669e+01	9.7272212e+01	5.3708656e-02
5.1642669e+01	1.0511420e+02	4.4298636e-02
5.1642669e+01	1.1295618e+02	3.4696616e-02
5.1642669e+01	1.2079817e+02	2.8646574e-02
5.1642669e+01	1.2864015e+02	2.1427280e-02
5.1642669e+01	1.3648214e+02	1.8062155e-02
5.1642669e+01	1.4432412e+02	1.6196268e-02
5.1642669e+01	1.5216611e+02	1.5065303e-02
5.1642669e+01	1.6000809e+02	1.4344299e-02
5.1642669e+01	1.6785008e+02	1.4089121e-02
5.1642669e+01	1.7569206e+02	1.7118143e-02
5.1642669e+01	1.8353404e+02	1.6430913e-02
5.1642669e+01	1.9137603e+02	1.0409302e-02
5.1642669e+01	1.9921801e+02	2.1703610e-03
5.1642669e+01	2.0706000e+02	-7.6368694e-03
5.1642669e+01	2.1490198e+02	-1.8572426e-02
5.1642669e+01	2.2274397e+02	-3.0456912e-02
5.7913944e+01	3.1683935e+00	-2.6039833e-03
5.7913944e+01	1.1010378e+01	-4.5674142e-04
5.7913944e+01	1.8852363e+01	2.5221976e-03
5.7913944e+01	2.6694348e+01	6.4631658e-03
5.7913944e+01	3.4536333e+01	1.2328332e-02
5.7913944e+01	4.2378318e+01	2.0153995e-02
5.7913944e+01	5.0220303e+01	2.7935894e-02
5.7913944e+01	5.8062287e+01	3.5339497e-02
5.7913944e+01	6.5904272e+01	4.2141152e-02
5.7913944e+01	7.3746257e+01	4.7960033e-02
5.7913944e+01	8.1588242e+01	5.2066163e-02
5.7913944e+01	8.9430227e+01	5.2792344e-02
5.7913944e+01	9.7272212e+01	4.7015877e-02
5.7913944e+01	1.0511420e+02	3.7799739e-02
5.7913944e+01	1.1295618e+02	3.0335891e-02
5.7913944e+01	1.2079817e+02	2.4153165e-02
5.7913944e+01	1.2864015e+02	1.5494519e-02
5.7913944e+01	1.3648214e+02	1.2002445e-02
5.7913944e+01	1.4432412e+02	1.0369279e-02
5.7913944e+01	1.5216611e+02	9.7746593e-03
5.7913944e+01	1.6000809e+02	1.0326856e-02
5.7913944e+01	1.6785008e+02	1.4505186e-02
5.7913944e+01	1.7569206e+02	2.2257398e-02
5.7913944e+01	1.8353404e+02	2.3093508e-02
5.7913944e+01	1.9137603e+02	1.7562611e-02
5.7913944e+01	1.9921801e+02	9.4380625e-03
5.7913944e+01	2.0706000e+02	-6.2424907e-04
5.7913944e+01	2.1490198e+02	-1.2546820e-02
5.7913944e+01	2.2274397e+02	-2.6962438e-02
6.4185219e+01	3.1683935e+00	-2.5332992e-04
6.4185219e+01	1.1010378e+01	1.6084269e-03
6.4185219e+01	1.8852363e+01	4.0723867e-03
6.4185219e+01	2.6694348e+01	7.5362789e-03
6.4185219e+01	3.4536333e+01	1.2019321e-02
6.4185219e+01	4.2378318e+01	1.6907620e-02
6.4185219e+01	5.0220303e+01	2.2441891e-02
6.4185219e+01	5.8062287e+01	2.8232820e-02
6.4185219e+01	6.5904272e+01	3.3938892e-02
6.4185219e+01	7.3746257e+01	3.9155222e-02
6.4185219e+01	8.1588242e+01	4.3187329e-02
6.4185219e+01	8.9430227e+01	4.4475251e-02
6.4185219e+01	9.7272212e+01	3.9596670e-02
6.4185219e+01	1.0511420e+02	3.1668076e-02
6.4185219e+01	1.1295618e+02	2.6666004e-02
6.4185219e+01	1.2079817e+02	1.7547788e-02
6.4185219e+01	1.2864015e+02	8.5755393e-03
6.4185219e+01	1.3648214e+02	5.1086246e-03
6.4185219e+01	1.4432412e+02	3.9158931e-03
6.4185219e+01	1.5216611e+02	4.3624158e-03
6.4185219e+01	1.6000809e+02	8.2987562e-03
6.4185219e+01	1.6785008e+02	1.8470204e-02
6.4185219e+01	1.7569206e+02	2.8234672e-02
6.4185219e+01	1.8353404e+02	3.0276926e-02
6.4185219e+01	1.9137603e+02	2.5214904e-02
6.4185219e+01	1.9921801e+02	1.7155352e-02
6.4185219e+01	2.0706000e+02	6.3761727e-03
6.4185219e+01	2.1490198e+02	-8.3375192e-03
6.4185219e+01	2.2274397e+02	-2.3923250e-02
7.0456495e+01	3.1683935e+00	1.4222501e-03
7.0456495e+01	1.1010378e+01	3.1960525e-03
7.0456495e+01	1.8852363e+01	5.4300246e-03
7.0456495e+01	2.6694348e+01	8.5915279e-03
7.0456495e+01	3.4536333e+01	1.2596947e-02
7.0456495e+01	4.2378318e+01	1.6630735e-02
7.0456495e+01	5.0220303e+01	2.0360366e-02
7.0456495e+01	5.8062287e+01	2.3737418e-02
7.0456495e+01	6.5904272e+01	2.7178332e-02
7.0456495e+01	7.3746257e+01	3.0841111e-02
7.0456495e+01	8.1588242e+01	3.4139252e-02
7.0456495e+01	8.9430227e+01	3.5828315e-02
7.0456495e+01	9.7272212e+01	3.2419719e-02
7.0456495e+01	1.0511420e+02	2.7396198e-02
7.0456495e+01	1.1295618e+02	2.0127888e-02
7.0456495e+01	1.2079817e+02	1.0115937e-02
7.0456495e+01	1.2864015e+02	1.5363138e-03
7.0456495e+01	1.3648214e+02	-1.6831338e-03
7.0456495e+01	1.4432412e+02	-2.0908052e-03
7.0456495e+01	1.5216611e+02	7.3136106e-04
7.0456495e+01	1.6000809e+02	1.0949300e-02
7.0456495e+01	1.6785008e+02	2.3788954e-02
7.0456495e+01	1.7569206e+02	3.4213799e-02
7.0456495e+01	1.8353404e+02	3.7102078e-02
7.0456495e+01	1.9137603e+02	3.2343228e-02
7.0456495e+01	1.9921801e+02	2.4005610e-02
7.0456495e+01	2.0706000e+02	1.1076515e-02
7.0456495e+01	2.1490198e+02	-6.0264515e-03
7.0456495e+01	2.2274397e+02	-2.1582970e-02
7.6727770e+01	3.1683935e+00	2.3770210e-03
7.6727770e+01	1.1010378e+01	4.2912104e-03
7.6727770e+01	1.8852363e+01	6.7338562e-03
7.6727770e+01	2.6694348e+01	9.7843990e-03
7.6727770e+01	3.4536333e+01	1.3297648e-02
7.6727770e+01	4.2378318e+01	1.6973964e-02
7.6727770e+01	5.0220303e+01	2.0255630e-02
7.6727770e+01	5.8062287e+01	2.3034219e-02
7.6727770e+01	6.5904272e+01	2.5227142e-02
7.6727770e+01	7.3746257e+01	2.6763892e-02
7.6727770e+01	8.1588242e+01	2.7602708e-02
7.6727770e+01	8.9430227e+01	2.8208302e-02
7.6727770e+01	9.7272212e+01	2.6457075e-02
7.6727770e+01	1.0511420e+02	2.1662442e-02
7.6727770e+01	1.1295618e+02	1.2788146e-02
7.6727770e+01	1.2079817e+02	3.0232882e-03
7.6727770e+01	1.2864015e+02	-4.7446314e-03
7.6727770e+01	1.3648214e+02	-7.4539799e-03
7.6727770e+01	1.4432412e+02	-6.3924850e-03
7.6727770e+01	1.5216611e+02	2.2940076e-03
7.6727770e+01	1.6000809e+02	1.5539477e-02
7.6727770e+01	1.6785008e+02	2.9065680e-02
7.6727770e+01	1.7569206e+02	3.9364233e-02
7.6727770e+01	1.8353404e+02	4.2664141e-02
7.6727770e+01	1.9137603e+02	3.8010544e-02
7.6727770e+01	1.9921801e+02	2.8340302e-02
7.6727770e+01	2.0706000e+02	1.2580319e-02
7.6727770e+01	2.1490198e+02	-5.1819653e-03
7.6727770e+01	2.2274397e+02	-2.0244774e-02
8.2999046e+01	3.1683935e+00	2.6313223e-03
8.2999046e+01	1.1010378e+01	5.1762632e-03
8.2999046e+01	1.8852363e+01	8.0587538e-03
8.2999046e+01	2.6694348e+01	1.1030861e-02
8.2999046e+01	3.4536333e+01	1.4107160e-02
8.2999046e+01	4.2378318e+01	1.7406671e-02
8.2999046e+01	5.0220303e+01	2.0322598e-02
8.2999046e+01	5.8062287e+01	2.2651277e-02
8.2999046e+01	6.5904272e+01	2.4279538e-02
8.2999046e+01	7.3746257e+01	2.5120546e-02
8.2999046e+01	8.1588242e+01	2.5097664e-02
8.2999046e+01	8.9430227e+01	2.4132559e-02
8.2999046e+01	9.7272212e+01	2.1999749e-02
8.2999046e+01	1.0511420e+02	1.6207384e-02
8.2999046e+01	1.1295618e+02	7.2155952e-03
8.2999046e+01	1.2079817e+02	-2.2294725e-03
8.2999046e+01	1.2864015e+02	-9.2928037e-03
8.2999046e+01	1.3648214e+02	-1.1282816e-02
8.2999046e+01	1.4432412e+02	-6.0313635e-03
8.2999046e+01	1.5216611e+02	5.2670098e-03
8.2999046e+01	1.6000809e+02	1.9230143e-02
8.2999046e+01	1.6785008e+02	3.2752693e-02
8.2999046e+01	1.7569206e+02	4.2736264e-02
8.2999046e+01	1.8353404e+02	4.6037613e-02
8.2999046e+01	1.9137603e+02	4.1007818e-02
8.2999046e+01	1.9921801e+02	2.8575384e-02
8.2999046e+01	2.0706000e+02	1.1707562e-02
8.2999046e+01	2.1490198e+02	-5.9068010e-03
8.2999046e+01	2.2274397e+02	-2.0225593e-02
8.9270321e+01	3.1683935e+00	2.4360696e-03
8.9270321e+01	1.1010378e+01	5.9008605e-03
8.9270321e+01	1.8852363e+01	9.1840437e-03
8.9270321e+01	2.6694348e+01	1.2210532e-02
8.9270321e+01	3.4536333e+01	1.5006603e-02
8.9270321e+01	4.2378318e+01	1.7873349e-02
8.9270321e+01	5.0220303e+01	2.0425601e-02
8.9270321e+01	5.8062287e+01	2.2297542e-02
8.9270321e+01	6.5904272e+01	2.3328069e-02
8.9270321e+01	7.3746257e+01	2.3395612e-02
8.9270321e+01	8.1588242e+01	2.2169540e-02
8.9270321e+01	8.9430227e+01	1.9507318e-02
8.9270321e+01	9.7272212e+01	1.6115012e-02
8.9270321e+01	1.0511420e+02	1.0282006e-02
8.9270321e+01	1.1295618e+02	1.4908858e-03
8.9270321e+01	1.2079817e+02	-7.3013506e-03
8.9270321e+01	1.2864015e+02	-1.3159466e-02
8.9270321e+01	1.3648214e+02	-1.2718257e-02
8.9270321e+01	1.4432412e+02	-1.0214910e-02
8.9270321e+01	1.5216611e+02	-5.7717780e-03
8.9270321e+01	1.6000809e+02	-4.4632770e-04
8.9270321e+01	1.6785008e+02	4.6984180e-03
8.9270321e+01	1.7569206e+02	8.5829595e-03
8.9270321e+01	1.8353404e+02	9.9119902e-03
8.9270321e+01	1.9137603e+02	7.5868417e-03
8.9270321e+01	1.9921801e+02	2.6069789e-02
8.9270321e+01	2.0706000e+02	8.6983004e-03
8.9270321e+01	2.1490198e+02	-8.5041640e-03
8.9270321e+01	2.2274397e+02	-2.1879030e-02
9.5541596e+01	3.1683935e+00	1.3700729e-03
9.5541596e+01	1.1010378e+01	5.7850144e-03
9.5541596e+01	1.8852363e+01	9.6924558e-03
9.5541596e+01	2.6694348e+01	1.3070127e-02
9.5541596e+01	3.4536333e+01	1.5878391e-02
9.5541596e+01	4.2378318e+01	1.8342921e-02
9.5541596e+01	5.0220303e+01	2.0492790e-02
9.5541596e+01	5.8062287e+01	2.1775872e-02
9.5541596e+01	6.5904272e+01	2.1727057e-02
9.5541596e+01	7.3746257e+01	1.9923107e-02
9.5541596e+01	8.1588242e+01	1.6901656e-02
9.5541596e+01	8.9430227e+01	1.3139948e-02
9.5541596e+01	9.7272212e+01	9.0125407e-03
9.5541596e+01	1.0511420e+02	3.1699117e-03
9.5541596e+01	1.1295618e+02	-5.6351695e-03
9.5541596e+01	1.2079817e+02	-1.3591401e-02
9.5541596e+01	1.2864015e+02	-1.6107450e-02
9.5541596e+01	1.3648214e+02	-1.2362039e-02
9.5541596e+01	1.4432412e+02	-9.6426414e-03
9.5541596e+01	1.5216611e+02	-4.9756692e-03
9.5541596e+01	1.6000809e+02	4.0095512e-04
9.5541596e+01	1.6785008e+02	5.2428682e-03
9.5541596e+01	1.7569206e+02	7.9151712e-03
9.5541596e+01	1.8353404e+02	7.9858554e-03
9.5541596e+01	1.9137603e+02	5.1549205e-03
9.5541596e+01	1.9921801e+02	-2.3468479e-03
9.5541596e+01	2.0706000e+02	-1.1579995e-02
9.5541596e+01	2.1490198e+02	-2.0481705e-02
9.5541596e+01	2.2274397e+02	-2.7208143e-02
1.0181287e+02	3.1683935e+00	-2.1540287e-03
1.0181287e+02	1.1010378e+01	3.2847396e-03
1.0181287e+02	1.8852363e+01	8.3409050e-03
1.0181287e+02	2.6694348e+01	1.2757407e-02
1.0181287e+02	3.4536333e+01	1.6304860e-02
1.0181287e+02	4.2378318e+01	1.8790862e-02
1.0181287e+02	5.0220303e+01	2.0163193e-02
1.0181287e+02	5.8062287e+01	1.9629628e-02
1.0181287e+02	6.5904272e+01	1.7553919e-02
1.0181287e+02	7.3746257e+01	1.4351008e-02
1.0181287e+02	8.1588242e+01	1.0424553e-02
1.0181287e+02	8.9430227e+01	6.1302134e-03
1.0181287e+02	9.7272212e+01	1.6781807e-03
1.0181287e+02	1.0511420e+02	-3.9053665e-03
1.0181287e+02	1.1295618e+02	-1.2350120e-02
1.0181287e+02	1.2079817e+02	-1.8279777e-02
1.0181287e+02	1.2864015e+02	-1.6065089e-02
1.0181287e+02	1.3648214e+02	-1.0709470e-02
1.0181287e+02	1.4432412e+02	-7.7126023e-03
1.0181287e+02	1.5216611e+02	-2.8327388e-03
1.0181287e+02	1.6000809e+02	2.3741105e-03
1.0181287e+02	1.6785008e+02	6.0294731e-03
1.0181287e+02	1.7569206e+02	6.9185073e-03
1.0181287e+02	1.8353404e+02	6.9020244e-03
1.0181287e+02	1.9137603e+02	3.6845248e-03
1.0181287e+02	1.9921801e+02	-4.6086537e-03
1.0181287e+02	2.0706000e+02	-1.4670058e-02
1.0181287e+02	2.1490198e+02	-2.4047353e-02
1.0181287e+02	2.2274397e+02	-3.0675521e-02
1.0808415e+02	3.1683935e+00	-7.4340400e-03
1.0808415e+02	1.1010378e+01	-1.2344970e-03
1.0808415e+02	1.8852363e+01	4.6924445e-03
1.0808415e+02	2.6694348e+01	1.0132000e-02
1.0808415e+02	3.4536333e+01	1.4951107e-02
1.0808415e+02	4.2378318e+01	2.0035165e-02
1.0808415e+02	5.0220303e+01	2.1182798e-02
1.0808415e+02	5.8062287e+01	1.7323192e-02
1.0808415e+02	6.5904272e+01	1.3448502e-02
1.0808415e+02	7.3746257e+01	9.0101861e-03
1.0808415e+02	8.1588242e+01	4.2845152e-03
1.0808415e+02	8.9430227e+01	-4.1820402e-04
1.0808415e+02	9.7272212e+01	-4.9555886e-03
1.0808415e+02	1.0511420e+02	-1.0014403e-02
1.0808415e+02	1.1295618e+02	-1.7431879e-02
1.0808415e+02	1.2079817e+02	-1.9450094e-02
1.0808415e+02	1.2864015e+02	-1.4325052e-02
1.0808415e+02	1.3648214e+02	-8.1267525e-03
1.0808415e+02	1.4432412e+02	-4.8628523e-03
1.0808415e+02	1.5216611e+02	-7.7358480e-06
1.0808415e+02	1.6000809e+02	4.3284948e-03
1.0808415e+02	1.6785008e+02	5.9712599e-03
1.0808415e+02	1.7569206e+02	7.0279423e-03
1.0808415e+02	1.8353404e+02	6.5511434e-03
1.0808415e+02	1.9137603e+02	2.9086104e-03
1.0808415e+02	1.9921801e+02	-5.9407908e-03
1.0808415e+02	2.0706000e+02	-1.6482597e-02
1.0808415e+02	2.1490198e+02	-2.5682788e-02
1.0808415e+02	2.2274397e+02	-3.7487091e-02
1.0808415e+02	2.3058595e+02	-1.9303006e-02
1.1435542e+02	3.1683935e+00	-1.3695270e-02
1.1435542e+02	1.1010378e+01	-6.7355427e-03
1.1435542e+02	1.8852363e+01	1.4665592e-04
1.1435542e+02	2.6694348e+01	7.0025929e-03
1.1435542e+02	3.4536333e+01	1.4998745e-02
1.1435542e+02	4.2378318e+01	2.3726263e-02
1.1435542e+02	5.0220303e+01	2.8891064e-02
1.1435542e+02	5.8062287e+01	2.4443436e-02
1.1435542e+02	6.5904272e+01	1.6178713e-02
1.1435542e+02	7.3746257e+01	7.6423543e-03
1.1435542e+02	8.1588242e+01	7.1407892e-04
1.1435542e+02	8.9430227e+01	-5.0313916e-03
1.1435542e+02	9.7272212e+01	-9.8555973e-03
1.1435542e+02	1.0511420e+02	-1.4290683e-02
1.1435542e+02	1.1295618e+02	-1.9669737e-02
1.1435542e+02	1.2079817e+02	-1.7749169e-02
1.1435542e+02	1.2864015e+02	-1.1517274e-02
1.1435542e+02	1.3648214e+02	-4.9597509e-03
1.1435542e+02	1.4432412e+02	-1.4733674e-03
1.1435542e+02	1.5216611e+02	2.9155192e-03
1.1435542e+02	1.6000809e+02	5.3384437e-03
1.1435542e+02	1.6785008e+02	7.0966546e-03
1.1435542e+02	1.7569206e+02	7.9535214e-03
1.1435542e+02	1.8353404e+02	6.8417371e-03
1.1435542e+02	1.9137603e+02	2.6897168e-03
1.1435542e+02	1.9921801e+02	-6.5221588e-03
1.1435542e+02	2.0706000e+02	-1.6935093e-02
1.1435542e+02	2.1490198e+02	-2.8872423e-02
1.1435542e+02	2.2274397e+02	-4.8607687e-02
1.1435542e+02	2.3058595e+02	-3.1755137e-02
1.2062670e+02	3.1683935e+00	-2.0213549e-02
1.2062670e+02	1.1010378e+01	-1.2323888e-02
1.2062670e+02	1.8852363e+01	-3.9858892e-03
1.2062670e+02	2.6694348e+01	6.1454139e-03
1.2062670e+02	3.4536333e+01	1.7889688e-02
1.2062670e+02	4.2378318e+01	2.8960059e-02
1.2062670e+02	5.0220303e+01	3.7172386e-02
1.2062670e+02	5.8062287e+01	3.6106969e-02
1.2062670e+02	6.5904272e+01	2.8093211e-02
1.2062670e+02	7.3746257e+01	1.7460426e-02
1.2062670e+02	8.1588242e+01	6.3453116e-03
1.2062670e+02	8.9430227e+01	-3.7662399e-03
1.2062670e+02	9.7272212e+01	-1.1370084e-02
1.2062670e+02	1.0511420e+02	-1.5860827e-02
1.2062670e+02	1.1295618e+02	-1.8077722e-02
1.2062670e+02	1.2079817e+02	-1.4547810e-02
1.2062670e+02	1.2864015e+02	-8.0824285e-03
1.2062670e+02	1.3648214e+02	-1.5413180e-03
1.2062670e+02	1.4432412e+02	2.0832096e-03
1.2062670e+02	1.5216611e+02	5.1113273e-03
1.2062670e+02	1.6000809e+02	7.3574974e-03
1.2062670e+02	1.6785008e+02	9.1398088e-03
1.2062670e+02	1.7569206e+02	9.4998685e-03
1.2062670e+02	1.8353404e+02	7.6755839e-03
1.2062670e+02	1.9137603e+02	2.9120622e-03
1.2062670e+02	1.9921801e+02	-6.3862714e-03
1.2062670e+02	2.0706000e+02	-1.7586495e-02
1.2062670e+02	2.1490198e+02	-3.8022651e-02
1.2062670e+02	2.2274397e+02	-6.0984008e-02
1.2062670e+02	2.3058595e+02	-7.2652911e-02
1.2689797e+02	3.1683935e+00	-2.6263162e-02
1.2689797e+02	1.1010378e+01	-1.7001376e-02
1.2689797e+02	1.8852363e+01	-5.3741748e-03
1.2689797e+02	2.6694348e+01	8.3342410e-03
1.2689797e+02	3.4536333e+01	2.2207842e-02
1.2689797e+02	4.2378318e+01	3.4727155e-02
1.2689797e+02	5.0220303e+01	4.4423811e-02
1.2689797e+02	5.8062287e+01	4.7265695e-02
1.2689797e+02	6.5904272e+01	4.1433034e-02
1.2689797e+02	7.3746257e+01	3.1440614e-02
1.2689797e+02	8.1588242e+01	1.9536657e-02
1.2689797e+02	8.9430227e+01	7.1592226e-03
1.2689797e+02	9.7272212e+01	-4.5122997e-03
1.2689797e+02	1.0511420e+02	-1.3436677e-02
1.2689797e+02	1.1295618e+02	-1.4869032e-02
1.2689797e+02	1.2079817e+02	-1.0875547e-02
1.2689797e+02	1.2864015e+02	-4.3880795e-03
1.2689797e+02	1.3648214e+02	1.8698850e-03
1.2689797e+02	1.4432412e+02	5.3719686e-03
1.2689797e+02	1.5216611e+02	7.8466321e-03
1.2689797e+02	1.6000809e+02	1.0188428e-02
1.2689797e+02	1.6785008e+02	1.1605899e-02
1.2689797e+02	1.7569206e+02	1.1408718e-02
1.2689797e+02	1.8353404e+02	8.9165350e-03
1.2689797e+02	1.9137603e+02	3.4667793e-03
1.2689797e+02	1.9921801e+02	-5.9021625e-03
1.2689797e+02	2.0706000e+02	-2.4412561e-02
1.2689797e+02	2.1490198e+02	-4.8643862e-02
1.2689797e+02	2.2274397e+02	-7.2486438e-02
1.2689797e+02	2.3058595e+02	-8.7737664e-02
1.3316925e+02	3.1683935e+00	-3.1031721e-02
1.3316925e+02	1.1010378e+01	-1.8634968e-02
1.3316925e+02	1.8852363e+01	-3.9112725e-03
1.3316925e+02	2.6694348e+01	1.1592027e-02
1.3316925e+02	3.4536333e+01	2.6612398e-02
1.3316925e+02	4.2378318e+01	3.9931800e-02
1.3316925e+02	5.0220303e+01	5.0360065e-02
1.3316925e+02	5.8062287e+01	5.5826379e-02
1.3316925e+02	6.5904272e+01	5.2470196e-02
1.3316925e+02	7.3746257e+01	4.3537683e-02
1.3316925e+02	8.1588242e+01	3.0752902e-02
1.3316925e+02	8.9430227e+01	1.5408521e-02
1.3316925e+02	9.7272212e+01	1.6802087e-03
1.3316925e+02	1.0511420e+02	-8.1018271e-03
1.3316925e+02	1.1295618e+02	-9.9861049e-03
1.3316925e+02	1.2079817e+02	-5.7670905e-03
1.3316925e+02	1.2864015e+02	4.6315562e-04
1.3316925e+02	1.3648214e+02	5.9128358e-03
1.3316925e+02	1.4432412e+02	8.8696286e-03
1.3316925e+02	1.5216611e+02	1.1232633e-02
1.3316925e+02	1.6000809e+02	1.3245800e-02
1.3316925e+02	1.6785008e+02	1.4260492e-02
1.3316925e+02	1.7569206e+02	1.3600350e-02
1.3316925e+02	1.8353404e+02	1.0578881e-02
1.3316925e+02	1.9137603e+02	4.3607797e-03
1.3316925e+02	1.9921801e+02	-9.1961651e-03
1.3316925e+02	2.0706000e+02	-3.1630256e-02
1.3316925e+02	2.1490198e+02	-5.7384750e-02
1.3316925e+02	2.2274397e+02	-8.1157222e-02
1.3316925e+02	2.3058595e+02	-9.6530239e-02
1.3944052e+02	3.1683935e+00	-3.3859303e-02
1.3944052e+02	1.1010378e+01	-1.9380442e-02
1.3944052e+02	1.8852363e+01	-3.2261943e-03
1.3944052e+02	2.6694348e+01	1.3379633e-02
1.3944052e+02	3.4536333e+01	2.9236690e-02
1.3944052e+02	4.2378318e+01	4.3150351e-02
1.3944052e+02	5.0220303e+01	5.3952051e-02
1.3944052e+02	5.8062287e+01	6.0523914e-02
1.3944052e+02	6.5904272e+01	5.9137287e-02
1.3944052e+02	7.3746257e+01	5.0302285e-02
1.3944052e+02	8.1588242e+01	3.7751844e-02
1.3944052e+02	8.9430227e+01	2.3753398e-02
1.3944052e+02	9.7272212e+01	1.0090273e-02
1.3944052e+02	1.0511420e+02	-6.4652433e-04
1.3944052e+02	1.1295618e+02	-3.5869508e-03
1.3944052e+02	1.2079817e+02	7.3709522e-04
1.3944052e+02	1.2864015e+02	6.6418852e-03
1.3944052e+02	1.3648214e+02	1.0165493e-02
1.3944052e+02	1.4432412e+02	1.4838471e-02
1.3944052e+02	1.5216611e+02	1.7387448e-02
1.3944052e+02	1.6000809e+02	1.9443021e-02
1.3944052e+02	1.6785008e+02	2.0265569e-02
1.3944052e+02	1.7569206e+02	1.8991436e-02
1.3944052e+02	1.8353404e+02	1.4173366e-02
1.3944052e+02	1.9137603e+02	6.6255944e-03
1.3944052e+02	1.9921801e+02	-7.5663383e-03
1.3944052e+02	2.0706000e+02	-3.3108859e-02
1.3944052e+02	2.1490198e+02	-6.0948903e-02
1.3944052e+02	2.2274397e+02	-8.5086908e-02
1.3944052e+02	2.3058595e+02	-1.0001416e-01
1.4571180e+02	3.1683935e+00	-4.0355013e-02
1.4571180e+02	1.1010378e+01	-2.4678243e-02
1.4571180e+02	1.8852363e+01	-7.2838110e-03
1.4571180e+02	2.6694348e+01	1.0391802e-02
1.4571180e+02	3.4536333e+01	2.7167611e-02
1.4571180e+02	4.2378318e+01	4.1896841e-02
1.4571180e+02	5.0220303e+01	5.3395747e-02
1.4571180e+02	5.8062287e+01	6.0430206e-02
1.4571180e+02	6.5904272e+01	6.1455794e-02
1.4571180e+02	7.3746257e+01	5.6053750e-02
1.4571180e+02	8.1588242e+01	4.6056426e-02
1.4571180e+02	8.9430227e+01	3.3288690e-02
1.4571180e+02	9.7272212e+01	1.9732746e-02
1.4571180e+02	1.0511420e+02	8.1388569e-03
1.4571180e+02	1.1295618e+02	3.6514489e-03
1.4571180e+02	1.2079817e+02	7.6648170e-03
1.4571180e+02	1.2864015e+02	1.2555641e-02
1.4571180e+02	1.3648214e+02	1.5811428e-02
1.4571180e+02	1.4432412e+02	2.2446859e-02
1.4571180e+02	1.5216611e+02	2.5123166e-02
1.4571180e+02	1.6000809e+02	2.7256209e-02
1.4571180e+02	1.6785008e+02	2.7561003e-02
1.4571180e+02	1.7569206e+02	2.4283328e-02
1.4571180e+02	1.8353404e+02	1.7098056e-02
1.4571180e+02	1.9137603e+02	1.0359161e-02
1.4571180e+02	1.9921801e+02	-2.9770942e-03
1.4571180e+02	2.0706000e+02	-2.9599368e-02
1.4571180e+02	2.1490198e+02	-5.8600248e-02
1.4571180e+02	2.2274397e+02	-8.2977697e-02
1.4571180e+02	2.3058595e+02	-9.6738347e-02
1.5198307e+02	3.1683935e+00	-4.9993405e-02
1.5198307e+02	1.1010378e+01	-3.3753812e-02
1.5198307e+02	1.8852363e+01	-1.5832938e-02
1.5198307e+02	2.6694348e+01	2.3327065e-03
1.5198307e+02	3.4536333e+01	1.9762376e-02
1.5198307e+02	4.2378318e+01	3.5341896e-02
1.5198307e+02	5.0220303e+01	4.7549724e-02
1.5198307e+02	5.8062287e+01	5.5631643e-02
1.5198307e+02	6.5904272e+01	5.8554204e-02
1.5198307e+02	7.3746257e+01	5.7412128e-02
1.5198307e+02	8.1588242e+01	5.1568919e-02
1.5198307e+02	8.9430227e+01	4.1386070e-02
1.5198307e+02	9.7272212e+01	2.9065644e-02
1.5198307e+02	1.0511420e+02	1.7302148e-02
1.5198307e+02	1.1295618e+02	1.1074994e-02
1.5198307e+02	1.2079817e+02	1.4235216e-02
1.5198307e+02	1.2864015e+02	1.6963378e-02
1.5198307e+02	1.3648214e+02	2.2987058e-02
1.5198307e+02	1.4432412e+02	3.0578118e-02
1.5198307e+02	1.5216611e+02	3.3184264e-02
1.5198307e+02	1.6000809e+02	3.4991202e-02
1.5198307e+02	1.6785008e+02	3.3625638e-02
1.5198307e+02	1.7569206e+02	2.7466821e-02
1.5198307e+02	1.8353404e+02	2.1310387e-02
1.5198307e+02	1.9137603e+02	1.4884907e-02
1.5198307e+02	1.9921801e+02	2.6233822e-03
1.5198307e+02	2.0706000e+02	-2.3928837e-02
1.5198307e+02	2.1490198e+02	-5.2668738e-02
1.5198307e+02	2.2274397e+02	-7.5133789e-02
1.5198307e+02	2.3058595e+02	-8.6336592e-02
1.5825435e+02	3.1683935e+00	-6.1455886e-02
1.5825435e+02	1.1010378e+01	-4.5078982e-02
1.5825435e+02	1.8852363e+01	-2.6914377e-02
1.5825435e+02	2.6694348e+01	-8.7728567e-03
1.5825435e+02	3.4536333e+01	8.4151454e-03
1.5825435e+02	4.2378318e+01	2.3983226e-02
1.5825435e+02	5.0220303e+01	3.7155502e-02
1.5825435e+02	5.8062287e+01	4.6815157e-02
1.5825435e+02	6.5904272e+01	5.1029554e-02
1.5825435e+02	7.3746257e+01	5.1230699e-02
1.5825435e+02	8.1588242e+01	4.8593537e-02
1.5825435e+02	8.9430227e+01	4.3433986e-02
1.5825435e+02	9.7272212e+01	3.5374282e-02
1.5825435e+02	1.0511420e+02	2.5427330e-02
1.5825435e+02	1.1295618e+02	1.8112893e-02
1.5825435e+02	1.2079817e+02	1.9707594e-02
1.5825435e+02	1.2864015e+02	2.2149121e-02
1.5825435e+02	1.3648214e+02	3.0370050e-02
1.5825435e+02	1.4432412e+02	3.8108240e-02
1.5825435e+02	1.5216611e+02	4.0490422e-02
1.5825435e+02	1.6000809e+02	4.1163519e-02
1.5825435e+02	1.6785008e+02	3.6843673e-02
1.5825435e+02	1.7569206e+02	3.1564211e-02
1.5825435e+02	1.8353404e+02	2.5902684e-02
1.5825435e+02	1.9137603e+02	1.9534046e-02
1.5825435e+02	1.9921801e+02	8.2928246e-03
1.5825435e+02	2.0706000e+02	-1.7277293e-02
1.5825435e+02	2.1490198e+02	-4.3510755e-02
1.5825435e+02	2.2274397e+02	-6.1712626e-02
1.5825435e+02	2.3058595e+02	-7.0940340e-02
1.6452563e+02	1.1010378e+01	-5.8600183e-02
1.6452563e+02	1.8852363e+01	-4.1976602e-02
1.6452563e+02	2.6694348e+01	-2.4732998e-02
1.6452563e+02	3.4536333e+01	-7.6326052e-03
1.6452563e+02	4.2378318e+01	8.5681407e-03
1.6452563e+02	5.0220303e+01	2.3009348e-02
1.6452563e+02	5.8062287e+01	3.4473584e-02
1.6452563e+02	6.5904272e+01	4.0784398e-02
1.6452563e+02	7.3746257e+01	4.1877347e-02
1.6452563e+02	8.1588242e+01	4.0692348e-02
1.6452563e+02	8.9430227e+01	3.7812904e-02
1.6452563e+02	9.7272212e+01	3.3838755e-02
1.6452563e+02	1.0511420e+02	2.9242144e-02
1.6452563e+02	1.1295618e+02	2.3865913e-02
1.6452563e+02	1.2079817e+02	2.3236760e-02
1.6452563e+02	1.2864015e+02	2.8119461e-02
1.6452563e+02	1.3648214e+02	3.6802091e-02
1.6452563e+02	1.4432412e+02	4.4082871e-02
1.6452563e+02	1.5216611e+02	4.5981125e-02
1.6452563e+02	1.6000809e+02	4.4173329e-02
1.6452563e+02	1.6785008e+02	4.0319516e-02
1.6452563e+02	1.7569206e+02	3.5675641e-02
1.6452563e+02	1.8353404e+02	3.0105198e-02
1.6452563e+02	1.9137603e+02	2.3636187e-02
1.6452563e+02	1.9921801e+02	1.3296899e-02
1.6452563e+02	2.0706000e+02	-9.8823313e-03
1.6452563e+02	2.1490198e+02	-3.0323317e-02
1.6452563e+02	2.2274397e+02	-4.5358132e-02
1.6452563e+02	2.3058595e+02	-5.2959504e-02
1.7079690e+02	2.6694348e+01	-4.0744656e-02
1.7079690e+02	3.4536333e+01	-2.4718940e-02
1.7079690e+02	4.2378318e+01	-8.6903247e-03
1.7079690e+02	5.0220303e+01	6.3945807e-03
1.7079690e+02	5.8062287e+01	1.9337328e-02
1.7079690e+02	6.5904272e+01	2.8080280e-02
1.7079690e+02	7.3746257e+01	3.0562944e-02
1.7079690e+02	8.1588242e+01	3.0597974e-02
1.7079690e+02	8.9430227e+01	2.9411187e-02
1.7079690e+02	9.7272212e+01	2.7729602e-02
1.7079690e+02	1.0511420e+02	2.6179769e-02
1.7079690e+02	1.1295618e+02	2.5327945e-02
1.7079690e+02	1.2079817e+02	2.6139862e-02
1.7079690e+02	1.2864015e+02	3.2255790e-02
1.7079690e+02	1.3648214e+02	4.0929323e-02
1.7079690e+02	1.4432412e+02	4.7554145e-02
1.7079690e+02	1.5216611e+02	4.8390041e-02
1.7079690e+02	1.6000809e+02	4.6438404e-02
1.7079690e+02	1.6785008e+02	4.3207395e-02
1.7079690e+02	1.7569206e+02	3.8736451e-02
1.7079690e+02	1.8353404e+02	3.3128678e-02
1.7079690e+02	1.9137603e+02	2.6510552e-02
1.7079690e+02	1.9921801e+02	1.6986264e-02
1.7079690e+02	2.0706000e+02	-6.4181685e-04
1.7079690e+02	2.1490198e+02	-1.6026994e-02
1.7079690e+02	2.2274397e+02	-2.8585795e-02
1.7079690e+02	2.3058595e+02	-3.4828326e-02
1.7706818e+02	4.2378318e+01	-2.3778600e-02
1.7706818e+02	5.0220303e+01	-1.0208286e-02
1.7706818e+02	5.8062287e+01	2.7547609e-03
1.7706818e+02	6.5904272e+01	1.3271881e-02
1.7706818e+02	7.3746257e+01	1.8013303e-02
1.7706818e+02	8.1588242e+01	1.9458342e-02
1.7706818e+02	8.9430227e+01	2.0220584e-02
1.7706818e+02	9.7272212e+01	2.1234327e-02
1.7706818e+02	1.0511420e+02	2.3574775e-02
1.7706818e+02	1.1295618e+02	2.9074998e-02
1.7706818e+02	1.2079817e+02	3.6930035e-02
1.7706818e+02	1.2864015e+02	4.3980896e-02
1.7706818e+02	1.3648214e+02	4.6502652e-02
1.7706818e+02	1.4432412e+02	4.7490743e-02
1.7706818e+02	1.5216611e+02	4.7316600e-02
1.7706818e+02	1.6000809e+02	4.5966152e-02
1.7706818e+02	1.6785008e+02	4.3356916e-02
1.7706818e+02	1.7569206e+02	3.9390464e-02
1.7706818e+02	1.8353404e+02	3.3993315e-02
1.7706818e+02	1.9137603e+02	2.7411589e-02
1.7706818e+02	1.9921801e+02	1.9159084e-02
1.7706818e+02	2.0706000e+02	7.8713325e-03
1.7706818e+02	2.1490198e+02	-4.2217463e-03
1.7706818e+02	2.2274397e+02	-1.4353369e-02
1.7706818e+02	2.3058595e+02	-1.9077669e-02
1.8333945e+02	6.5904272e+01	-2.2205642e-03
1.8333945e+02	7.3746257e+01	4.7946272e-03
1.8333945e+02	8.1588242e+01	8.1258673e-03
1.8333945e+02	8.9430227e+01	1.2530324e-02
1.8333945e+02	9.7272212e+01	1.9333260e-02
1.8333945e+02	1.0511420e+02	2.4093595e-02
1.8333945e+02	1.1295618e+02	2.7769670e-02
1.8333945e+02	1.2079817e+02	3.0904706e-02
1.8333945e+02	1.2864015e+02	3.3646951e-02
1.8333945e+02	1.3648214e+02	3.5998807e-02
1.8333945e+02	1.4432412e+02	3.6629695e-02
1.8333945e+02	1.5216611e+02	3.5170283e-02
1.8333945e+02	1.6000809e+02	3.2376542e-02
1.8333945e+02	1.6785008e+02	2.8798683e-02
1.8333945e+02	1.7569206e+02	2.4816907e-02
1.8333945e+02	1.8353404e+02	2.0651497e-02
1.8333945e+02	1.9137603e+02	1.6352420e-02
1.8333945e+02	1.9921801e+02	1.1768594e-02
1.8333945e+02	2.0706000e+02	6.4926267e-03
1.8333945e+02	2.1490198e+02	-2.2826452e-04
1.8333945e+02	2.2274397e+02	-6.7102776e-03
1.8333945e+02	2.3058595e+02	-8.6396180e-03
