25
20.0 20.0 -0.0018124644184474815
20.0 60.0 -0.004655223219754136
20.0 100.0 -0.00611303772140877
20.0 140.0 -0.0030888286741823055
20.0 180.0 0.0049084783238606535
60.0 20.0 0.0018301064680983725
60.0 60.0 0.007521058875341987
60.0 100.0 -0.0022983413443279054
60.0 140.0 0.0017609106720486846
60.0 180.0 -0.009369277208747157
100.0 20.0 0.0039027854923001214
100.0 60.0 -0.0010575029327767117
100.0 100.0 0.007903854160824939
100.0 140.0 0.004825283282364379
100.0 180.0 -0.009885797514223927
140.0 20.0 0.008460031289260234
140.0 60.0 0.007195459481282709
140.0 100.0 0.006909892063218728
140.0 140.0 0.0074618461309108935
140.0 180.0 0.007726664762554116
180.0 20.0 -0.0019832747378416404
180.0 60.0 0.00683756123272263
180.0 100.0 -0.009506988270675037
180.0 140.0 -0.003252063144473234
180.0 180.0 -0.0010045676725166065
