36
15.0 10.0 0.0
15.0 30.0 -0.01
15.0 50.0 -0.01
15.0 70.0 -0.01
15.0 90.0 -0.01
15.0 110.0 -0.01
45.0 10.0 -0.01
45.0 30.0 -0.01
45.0 50.0 -0.01
45.0 70.0 -0.01
45.0 90.0 -0.01
45.0 110.0 -0.01
75.0 10.0 -0.01
75.0 30.0 -0.01
75.0 50.0 0.0
75.0 70.0 -0.01
75.0 90.0 -0.01
75.0 110.0 -0.01
105.0 10.0 -0.01
105.0 30.0 0.0
105.0 50.0 -0.01
105.0 70.0 -0.01
105.0 90.0 -0.01
105.0 110.0 -0.01
135.0 10.0 0.0
135.0 30.0 -0.01
135.0 50.0 -0.01
135.0 70.0 -0.01
135.0 90.0 -0.01
135.0 110.0 0.0
165.0 10.0 0.0
165.0 30.0 0.0
165.0 50.0 0.0
165.0 70.0 -0.01
165.0 90.0 -0.01
165.0 110.0 -0.01
