16
20.0 20.0 5.61883457762472E-4
20.0 60.0 -3.824214969535211E-4
20.0 100.0 -0.009960509304246318
20.0 140.0 -0.00556554555597891
60.0 20.0 0.008083081320839635
60.0 60.0 -0.009955907989806004
60.0 100.0 0.0030533492322465062
60.0 140.0 -0.003351295381054151
100.0 20.0 2.2588359468036945E-4
100.0 60.0 -0.003885955268925343
100.0 100.0 -0.006542373382844542
100.0 140.0 0.002166009337790024
140.0 20.0 0.007732056359189924
140.0 60.0 -5.788623459017495E-4
140.0 100.0 0.002598532489123534
140.0 140.0 -0.0013792117165526009
