900
5.0 3.5 -0.2
5.0 10.5 -0.2
5.0 17.5 -0.2
5.0 24.5 0.0
5.0 31.5 -0.2
5.0 38.5 0.0
5.0 45.5 -0.2
5.0 52.5 0.0
5.0 59.5 -0.2
5.0 66.5 -0.2
5.0 73.5 -0.2
5.0 80.5 0.0
5.0 87.5 -0.2
5.0 94.5 -0.2
5.0 101.5 -0.2
5.0 108.5 0.0
5.0 115.5 0.0
5.0 122.5 -0.2
5.0 129.5 -0.2
5.0 136.5 -0.2
5.0 143.5 0.0
5.0 150.5 -0.2
5.0 157.5 -0.2
5.0 164.5 0.0
5.0 171.5 -0.2
5.0 178.5 -0.2
5.0 185.5 0.0
5.0 192.5 -0.2
5.0 199.5 -0.2
5.0 206.5 -0.2
15.0 3.5 0.0
15.0 10.5 -0.2
15.0 17.5 -0.2
15.0 24.5 -0.2
15.0 31.5 0.0
15.0 38.5 0.0
15.0 45.5 -0.2
15.0 52.5 0.0
15.0 59.5 -0.2
15.0 66.5 -0.2
15.0 73.5 0.0
15.0 80.5 -0.2
15.0 87.5 -0.2
15.0 94.5 -0.2
15.0 101.5 -0.2
15.0 108.5 -0.2
15.0 115.5 -0.2
15.0 122.5 -0.2
15.0 129.5 0.0
15.0 136.5 0.0
15.0 143.5 0.0
15.0 150.5 0.0
15.0 157.5 -0.2
15.0 164.5 -0.2
15.0 171.5 -0.2
15.0 178.5 -0.2
15.0 185.5 -0.2
15.0 192.5 -0.2
15.0 199.5 0.0
15.0 206.5 0.0
25.0 3.5 -0.2
25.0 10.5 -0.2
25.0 17.5 0.0
25.0 24.5 0.0
25.0 31.5 0.0
25.0 38.5 -0.2
25.0 45.5 0.0
25.0 52.5 -0.2
25.0 59.5 0.0
25.0 66.5 0.0
25.0 73.5 0.0
25.0 80.5 0.0
25.0 87.5 -0.2
25.0 94.5 0.0
25.0 101.5 0.0
25.0 108.5 -0.2
25.0 115.5 -0.2
25.0 122.5 0.0
25.0 129.5 -0.2
25.0 136.5 -0.2
25.0 143.5 -0.2
25.0 150.5 -0.2
25.0 157.5 0.0
25.0 164.5 0.0
25.0 171.5 -0.2
25.0 178.5 -0.2
25.0 185.5 0.0
25.0 192.5 -0.2
25.0 199.5 -0.2
25.0 206.5 -0.2
35.0 3.5 0.0
35.0 10.5 -0.2
35.0 17.5 0.0
35.0 24.5 0.0
35.0 31.5 -0.2
35.0 38.5 0.0
35.0 45.5 0.0
35.0 52.5 0.0
35.0 59.5 0.0
35.0 66.5 -0.2
35.0 73.5 0.0
35.0 80.5 0.0
35.0 87.5 0.0
35.0 94.5 -0.2
35.0 101.5 -0.2
35.0 108.5 -0.2
35.0 115.5 -0.2
35.0 122.5 -0.2
35.0 129.5 -0.2
35.0 136.5 0.0
35.0 143.5 -0.2
35.0 150.5 0.0
35.0 157.5 -0.2
35.0 164.5 0.0
35.0 171.5 0.0
35.0 178.5 -0.2
35.0 185.5 0.0
35.0 192.5 -0.2
35.0 199.5 -0.2
35.0 206.5 -0.2
45.0 3.5 -0.2
45.0 10.5 -0.2
45.0 17.5 0.0
45.0 24.5 -0.2
45.0 31.5 0.0
45.0 38.5 -0.2
45.0 45.5 -0.2
45.0 52.5 -0.2
45.0 59.5 0.0
45.0 66.5 -0.2
45.0 73.5 0.0
45.0 80.5 -0.2
45.0 87.5 0.0
45.0 94.5 -0.2
45.0 101.5 -0.2
45.0 108.5 -0.2
45.0 115.5 -0.2
45.0 122.5 -0.2
45.0 129.5 -0.2
45.0 136.5 -0.2
45.0 143.5 0.0
45.0 150.5 0.0
45.0 157.5 -0.2
45.0 164.5 0.0
45.0 171.5 -0.2
45.0 178.5 -0.2
45.0 185.5 0.0
45.0 192.5 0.0
45.0 199.5 0.0
45.0 206.5 -0.2
55.0 3.5 0.0
55.0 10.5 0.0
55.0 17.5 -0.2
55.0 24.5 0.0
55.0 31.5 -0.2
55.0 38.5 -0.2
55.0 45.5 -0.2
55.0 52.5 0.0
55.0 59.5 0.0
55.0 66.5 -0.2
55.0 73.5 0.0
55.0 80.5 -0.2
55.0 87.5 0.0
55.0 94.5 -0.2
55.0 101.5 0.0
55.0 108.5 -0.2
55.0 115.5 -0.2
55.0 122.5 -0.2
55.0 129.5 0.0
55.0 136.5 0.0
55.0 143.5 0.0
55.0 150.5 -0.2
55.0 157.5 -0.2
55.0 164.5 -0.2
55.0 171.5 0.0
55.0 178.5 0.0
55.0 185.5 -0.2
55.0 192.5 0.0
55.0 199.5 0.0
55.0 206.5 0.0
65.0 3.5 0.0
65.0 10.5 0.0
65.0 17.5 0.0
65.0 24.5 0.0
65.0 31.5 0.0
65.0 38.5 0.0
65.0 45.5 0.0
65.0 52.5 0.0
65.0 59.5 0.0
65.0 66.5 0.0
65.0 73.5 -0.2
65.0 80.5 0.0
65.0 87.5 0.0
65.0 94.5 0.0
65.0 101.5 0.0
65.0 108.5 0.0
65.0 115.5 -0.2
65.0 122.5 -0.2
65.0 129.5 0.0
65.0 136.5 0.0
65.0 143.5 0.0
65.0 150.5 -0.2
65.0 157.5 -0.2
65.0 164.5 0.0
65.0 171.5 -0.2
65.0 178.5 0.0
65.0 185.5 0.0
65.0 192.5 -0.2
65.0 199.5 0.0
65.0 206.5 0.0
75.0 3.5 -0.2
75.0 10.5 -0.2
75.0 17.5 0.0
75.0 24.5 -0.2
75.0 31.5 -0.2
75.0 38.5 -0.2
75.0 45.5 -0.2
75.0 52.5 0.0
75.0 59.5 0.0
75.0 66.5 0.0
75.0 73.5 0.0
75.0 80.5 -0.2
75.0 87.5 -0.2
75.0 94.5 0.0
75.0 101.5 -0.2
75.0 108.5 -0.2
75.0 115.5 0.0
75.0 122.5 0.0
75.0 129.5 -0.2
75.0 136.5 -0.2
75.0 143.5 0.0
75.0 150.5 0.0
75.0 157.5 0.0
75.0 164.5 0.0
75.0 171.5 -0.2
75.0 178.5 0.0
75.0 185.5 -0.2
75.0 192.5 0.0
75.0 199.5 0.0
75.0 206.5 0.0
85.0 3.5 0.0
85.0 10.5 0.0
85.0 17.5 -0.2
85.0 24.5 -0.2
85.0 31.5 -0.2
85.0 38.5 -0.2
85.0 45.5 -0.2
85.0 52.5 0.0
85.0 59.5 -0.2
85.0 66.5 0.0
85.0 73.5 -0.2
85.0 80.5 -0.2
85.0 87.5 0.0
85.0 94.5 -0.2
85.0 101.5 -0.2
85.0 108.5 0.0
85.0 115.5 0.0
85.0 122.5 -0.2
85.0 129.5 0.0
85.0 136.5 0.0
85.0 143.5 0.0
85.0 150.5 0.0
85.0 157.5 -0.2
85.0 164.5 0.0
85.0 171.5 0.0
85.0 178.5 -0.2
85.0 185.5 0.0
85.0 192.5 -0.2
85.0 199.5 -0.2
85.0 206.5 0.0
95.0 3.5 -0.2
95.0 10.5 0.0
95.0 17.5 -0.2
95.0 24.5 -0.2
95.0 31.5 0.0
95.0 38.5 0.0
95.0 45.5 0.0
95.0 52.5 0.0
95.0 59.5 0.0
95.0 66.5 -0.2
95.0 73.5 -0.2
95.0 80.5 -0.2
95.0 87.5 0.0
95.0 94.5 -0.2
95.0 101.5 -0.2
95.0 108.5 -0.2
95.0 115.5 0.0
95.0 122.5 0.0
95.0 129.5 -0.2
95.0 136.5 0.0
95.0 143.5 -0.2
95.0 150.5 -0.2
95.0 157.5 0.0
95.0 164.5 -0.2
95.0 171.5 -0.2
95.0 178.5 0.0
95.0 185.5 0.0
95.0 192.5 0.0
95.0 199.5 -0.2
95.0 206.5 -0.2
105.0 3.5 0.0
105.0 10.5 0.0
105.0 17.5 0.0
105.0 24.5 0.0
105.0 31.5 0.0
105.0 38.5 -0.2
105.0 45.5 0.0
105.0 52.5 0.0
105.0 59.5 0.0
105.0 66.5 -0.2
105.0 73.5 0.0
105.0 80.5 0.0
105.0 87.5 0.0
105.0 94.5 -0.2
105.0 101.5 0.0
105.0 108.5 0.0
105.0 115.5 0.0
105.0 122.5 0.0
105.0 129.5 -0.2
105.0 136.5 0.0
105.0 143.5 0.0
105.0 150.5 -0.2
105.0 157.5 0.0
105.0 164.5 0.0
105.0 171.5 -0.2
105.0 178.5 -0.2
105.0 185.5 -0.2
105.0 192.5 0.0
105.0 199.5 0.0
105.0 206.5 0.0
115.0 3.5 0.0
115.0 10.5 -0.2
115.0 17.5 -0.2
115.0 24.5 -0.2
115.0 31.5 -0.2
115.0 38.5 0.0
115.0 45.5 0.0
115.0 52.5 0.0
115.0 59.5 -0.2
115.0 66.5 0.0
115.0 73.5 -0.2
115.0 80.5 0.0
115.0 87.5 -0.2
115.0 94.5 -0.2
115.0 101.5 0.0
115.0 108.5 0.0
115.0 115.5 0.0
115.0 122.5 -0.2
115.0 129.5 -0.2
115.0 136.5 0.0
115.0 143.5 -0.2
115.0 150.5 -0.2
115.0 157.5 0.0
115.0 164.5 0.0
115.0 171.5 -0.2
115.0 178.5 -0.2
115.0 185.5 0.0
115.0 192.5 0.0
115.0 199.5 -0.2
115.0 206.5 -0.2
125.0 3.5 -0.2
125.0 10.5 -0.2
125.0 17.5 -0.2
125.0 24.5 -0.2
125.0 31.5 0.0
125.0 38.5 -0.2
125.0 45.5 0.0
125.0 52.5 -0.2
125.0 59.5 -0.2
125.0 66.5 -0.2
125.0 73.5 -0.2
125.0 80.5 0.0
125.0 87.5 0.0
125.0 94.5 0.0
125.0 101.5 0.0
125.0 108.5 -0.2
125.0 115.5 0.0
125.0 122.5 0.0
125.0 129.5 -0.2
125.0 136.5 0.0
125.0 143.5 0.0
125.0 150.5 -0.2
125.0 157.5 0.0
125.0 164.5 0.0
125.0 171.5 -0.2
125.0 178.5 -0.2
125.0 185.5 0.0
125.0 192.5 -0.2
125.0 199.5 -0.2
125.0 206.5 0.0
135.0 3.5 -0.2
135.0 10.5 0.0
135.0 17.5 0.0
135.0 24.5 -0.2
135.0 31.5 0.0
135.0 38.5 -0.2
135.0 45.5 0.0
135.0 52.5 -0.2
135.0 59.5 -0.2
135.0 66.5 0.0
135.0 73.5 -0.2
135.0 80.5 -0.2
135.0 87.5 -0.2
135.0 94.5 -0.2
135.0 101.5 -0.2
135.0 108.5 -0.2
135.0 115.5 0.0
135.0 122.5 0.0
135.0 129.5 -0.2
135.0 136.5 0.0
135.0 143.5 0.0
135.0 150.5 0.0
135.0 157.5 0.0
135.0 164.5 -0.2
135.0 171.5 -0.2
135.0 178.5 -0.2
135.0 185.5 0.0
135.0 192.5 -0.2
135.0 199.5 0.0
135.0 206.5 0.0
145.0 3.5 0.0
145.0 10.5 -0.2
145.0 17.5 0.0
145.0 24.5 -0.2
145.0 31.5 -0.2
145.0 38.5 -0.2
145.0 45.5 -0.2
145.0 52.5 0.0
145.0 59.5 -0.2
145.0 66.5 -0.2
145.0 73.5 0.0
145.0 80.5 0.0
145.0 87.5 -0.2
145.0 94.5 -0.2
145.0 101.5 0.0
145.0 108.5 -0.2
145.0 115.5 0.0
145.0 122.5 -0.2
145.0 129.5 -0.2
145.0 136.5 0.0
145.0 143.5 0.0
145.0 150.5 -0.2
145.0 157.5 -0.2
145.0 164.5 0.0
145.0 171.5 0.0
145.0 178.5 0.0
145.0 185.5 0.0
145.0 192.5 0.0
145.0 199.5 0.0
145.0 206.5 -0.2
155.0 3.5 -0.2
155.0 10.5 -0.2
155.0 17.5 -0.2
155.0 24.5 -0.2
155.0 31.5 0.0
155.0 38.5 -0.2
155.0 45.5 0.0
155.0 52.5 0.0
155.0 59.5 0.0
155.0 66.5 0.0
155.0 73.5 0.0
155.0 80.5 -0.2
155.0 87.5 0.0
155.0 94.5 0.0
155.0 101.5 0.0
155.0 108.5 0.0
155.0 115.5 0.0
155.0 122.5 -0.2
155.0 129.5 -0.2
155.0 136.5 0.0
155.0 143.5 0.0
155.0 150.5 0.0
155.0 157.5 -0.2
155.0 164.5 -0.2
155.0 171.5 -0.2
155.0 178.5 -0.2
155.0 185.5 -0.2
155.0 192.5 0.0
155.0 199.5 0.0
155.0 206.5 -0.2
165.0 3.5 -0.2
165.0 10.5 -0.2
165.0 17.5 -0.2
165.0 24.5 0.0
165.0 31.5 0.0
165.0 38.5 -0.2
165.0 45.5 0.0
165.0 52.5 -0.2
165.0 59.5 0.0
165.0 66.5 0.0
165.0 73.5 0.0
165.0 80.5 -0.2
165.0 87.5 -0.2
165.0 94.5 -0.2
165.0 101.5 0.0
165.0 108.5 0.0
165.0 115.5 0.0
165.0 122.5 0.0
165.0 129.5 0.0
165.0 136.5 -0.2
165.0 143.5 0.0
165.0 150.5 -0.2
165.0 157.5 -0.2
165.0 164.5 0.0
165.0 171.5 0.0
165.0 178.5 0.0
165.0 185.5 0.0
165.0 192.5 -0.2
165.0 199.5 0.0
165.0 206.5 -0.2
175.0 3.5 -0.2
175.0 10.5 -0.2
175.0 17.5 -0.2
175.0 24.5 0.0
175.0 31.5 0.0
175.0 38.5 0.0
175.0 45.5 0.0
175.0 52.5 -0.2
175.0 59.5 -0.2
175.0 66.5 0.0
175.0 73.5 0.0
175.0 80.5 0.0
175.0 87.5 0.0
175.0 94.5 0.0
175.0 101.5 -0.2
175.0 108.5 0.0
175.0 115.5 -0.2
175.0 122.5 -0.2
175.0 129.5 0.0
175.0 136.5 -0.2
175.0 143.5 -0.2
175.0 150.5 -0.2
175.0 157.5 0.0
175.0 164.5 0.0
175.0 171.5 -0.2
175.0 178.5 0.0
175.0 185.5 0.0
175.0 192.5 -0.2
175.0 199.5 -0.2
175.0 206.5 0.0
185.0 3.5 0.0
185.0 10.5 -0.2
185.0 17.5 -0.2
185.0 24.5 -0.2
185.0 31.5 0.0
185.0 38.5 -0.2
185.0 45.5 0.0
185.0 52.5 -0.2
185.0 59.5 -0.2
185.0 66.5 0.0
185.0 73.5 0.0
185.0 80.5 0.0
185.0 87.5 -0.2
185.0 94.5 -0.2
185.0 101.5 -0.2
185.0 108.5 0.0
185.0 115.5 0.0
185.0 122.5 -0.2
185.0 129.5 -0.2
185.0 136.5 -0.2
185.0 143.5 -0.2
185.0 150.5 -0.2
185.0 157.5 0.0
185.0 164.5 -0.2
185.0 171.5 0.0
185.0 178.5 0.0
185.0 185.5 -0.2
185.0 192.5 0.0
185.0 199.5 -0.2
185.0 206.5 0.0
195.0 3.5 -0.2
195.0 10.5 -0.2
195.0 17.5 0.0
195.0 24.5 -0.2
195.0 31.5 -0.2
195.0 38.5 -0.2
195.0 45.5 -0.2
195.0 52.5 -0.2
195.0 59.5 -0.2
195.0 66.5 -0.2
195.0 73.5 0.0
195.0 80.5 0.0
195.0 87.5 0.0
195.0 94.5 0.0
195.0 101.5 0.0
195.0 108.5 0.0
195.0 115.5 0.0
195.0 122.5 -0.2
195.0 129.5 -0.2
195.0 136.5 -0.2
195.0 143.5 -0.2
195.0 150.5 -0.2
195.0 157.5 -0.2
195.0 164.5 -0.2
195.0 171.5 0.0
195.0 178.5 -0.2
195.0 185.5 -0.2
195.0 192.5 -0.2
195.0 199.5 0.0
195.0 206.5 -0.2
205.0 3.5 -0.2
205.0 10.5 -0.2
205.0 17.5 0.0
205.0 24.5 -0.2
205.0 31.5 -0.2
205.0 38.5 0.0
205.0 45.5 -0.2
205.0 52.5 -0.2
205.0 59.5 -0.2
205.0 66.5 0.0
205.0 73.5 0.0
205.0 80.5 0.0
205.0 87.5 0.0
205.0 94.5 -0.2
205.0 101.5 0.0
205.0 108.5 0.0
205.0 115.5 -0.2
205.0 122.5 -0.2
205.0 129.5 -0.2
205.0 136.5 0.0
205.0 143.5 -0.2
205.0 150.5 -0.2
205.0 157.5 0.0
205.0 164.5 0.0
205.0 171.5 0.0
205.0 178.5 0.0
205.0 185.5 0.0
205.0 192.5 -0.2
205.0 199.5 -0.2
205.0 206.5 0.0
215.0 3.5 -0.2
215.0 10.5 0.0
215.0 17.5 -0.2
215.0 24.5 0.0
215.0 31.5 -0.2
215.0 38.5 0.0
215.0 45.5 0.0
215.0 52.5 0.0
215.0 59.5 -0.2
215.0 66.5 -0.2
215.0 73.5 -0.2
215.0 80.5 0.0
215.0 87.5 -0.2
215.0 94.5 0.0
215.0 101.5 -0.2
215.0 108.5 0.0
215.0 115.5 0.0
215.0 122.5 -0.2
215.0 129.5 0.0
215.0 136.5 0.0
215.0 143.5 0.0
215.0 150.5 -0.2
215.0 157.5 0.0
215.0 164.5 -0.2
215.0 171.5 -0.2
215.0 178.5 0.0
215.0 185.5 0.0
215.0 192.5 -0.2
215.0 199.5 0.0
215.0 206.5 0.0
225.0 3.5 0.0
225.0 10.5 0.0
225.0 17.5 0.0
225.0 24.5 -0.2
225.0 31.5 0.0
225.0 38.5 0.0
225.0 45.5 0.0
225.0 52.5 -0.2
225.0 59.5 -0.2
225.0 66.5 -0.2
225.0 73.5 -0.2
225.0 80.5 0.0
225.0 87.5 0.0
225.0 94.5 0.0
225.0 101.5 -0.2
225.0 108.5 0.0
225.0 115.5 0.0
225.0 122.5 -0.2
225.0 129.5 -0.2
225.0 136.5 0.0
225.0 143.5 0.0
225.0 150.5 -0.2
225.0 157.5 -0.2
225.0 164.5 -0.2
225.0 171.5 0.0
225.0 178.5 0.0
225.0 185.5 -0.2
225.0 192.5 0.0
225.0 199.5 0.0
225.0 206.5 0.0
235.0 3.5 0.0
235.0 10.5 0.0
235.0 17.5 0.0
235.0 24.5 -0.2
235.0 31.5 0.0
235.0 38.5 0.0
235.0 45.5 -0.2
235.0 52.5 -0.2
235.0 59.5 0.0
235.0 66.5 0.0
235.0 73.5 -0.2
235.0 80.5 0.0
235.0 87.5 -0.2
235.0 94.5 0.0
235.0 101.5 -0.2
235.0 108.5 -0.2
235.0 115.5 -0.2
235.0 122.5 0.0
235.0 129.5 0.0
235.0 136.5 0.0
235.0 143.5 0.0
235.0 150.5 -0.2
235.0 157.5 -0.2
235.0 164.5 -0.2
235.0 171.5 0.0
235.0 178.5 0.0
235.0 185.5 0.0
235.0 192.5 0.0
235.0 199.5 0.0
235.0 206.5 -0.2
245.0 3.5 -0.2
245.0 10.5 -0.2
245.0 17.5 -0.2
245.0 24.5 0.0
245.0 31.5 -0.2
245.0 38.5 -0.2
245.0 45.5 0.0
245.0 52.5 0.0
245.0 59.5 0.0
245.0 66.5 0.0
245.0 73.5 -0.2
245.0 80.5 -0.2
245.0 87.5 0.0
245.0 94.5 0.0
245.0 101.5 0.0
245.0 108.5 -0.2
245.0 115.5 0.0
245.0 122.5 -0.2
245.0 129.5 0.0
245.0 136.5 0.0
245.0 143.5 -0.2
245.0 150.5 0.0
245.0 157.5 -0.2
245.0 164.5 0.0
245.0 171.5 -0.2
245.0 178.5 -0.2
245.0 185.5 -0.2
245.0 192.5 -0.2
245.0 199.5 0.0
245.0 206.5 0.0
255.0 3.5 0.0
255.0 10.5 0.0
255.0 17.5 -0.2
255.0 24.5 0.0
255.0 31.5 -0.2
255.0 38.5 -0.2
255.0 45.5 0.0
255.0 52.5 -0.2
255.0 59.5 0.0
255.0 66.5 -0.2
255.0 73.5 0.0
255.0 80.5 -0.2
255.0 87.5 -0.2
255.0 94.5 -0.2
255.0 101.5 0.0
255.0 108.5 -0.2
255.0 115.5 -0.2
255.0 122.5 -0.2
255.0 129.5 -0.2
255.0 136.5 -0.2
255.0 143.5 0.0
255.0 150.5 0.0
255.0 157.5 0.0
255.0 164.5 0.0
255.0 171.5 -0.2
255.0 178.5 -0.2
255.0 185.5 0.0
255.0 192.5 0.0
255.0 199.5 -0.2
255.0 206.5 0.0
265.0 3.5 0.0
265.0 10.5 0.0
265.0 17.5 -0.2
265.0 24.5 0.0
265.0 31.5 -0.2
265.0 38.5 -0.2
265.0 45.5 0.0
265.0 52.5 0.0
265.0 59.5 0.0
265.0 66.5 -0.2
265.0 73.5 0.0
265.0 80.5 -0.2
265.0 87.5 0.0
265.0 94.5 0.0
265.0 101.5 -0.2
265.0 108.5 0.0
265.0 115.5 -0.2
265.0 122.5 0.0
265.0 129.5 0.0
265.0 136.5 0.0
265.0 143.5 -0.2
265.0 150.5 0.0
265.0 157.5 -0.2
265.0 164.5 0.0
265.0 171.5 0.0
265.0 178.5 0.0
265.0 185.5 0.0
265.0 192.5 -0.2
265.0 199.5 -0.2
265.0 206.5 0.0
275.0 3.5 0.0
275.0 10.5 -0.2
275.0 17.5 0.0
275.0 24.5 -0.2
275.0 31.5 -0.2
275.0 38.5 -0.2
275.0 45.5 -0.2
275.0 52.5 -0.2
275.0 59.5 -0.2
275.0 66.5 0.0
275.0 73.5 -0.2
275.0 80.5 0.0
275.0 87.5 -0.2
275.0 94.5 -0.2
275.0 101.5 0.0
275.0 108.5 -0.2
275.0 115.5 0.0
275.0 122.5 -0.2
275.0 129.5 0.0
275.0 136.5 0.0
275.0 143.5 0.0
275.0 150.5 0.0
275.0 157.5 -0.2
275.0 164.5 0.0
275.0 171.5 0.0
275.0 178.5 -0.2
275.0 185.5 -0.2
275.0 192.5 -0.2
275.0 199.5 -0.2
275.0 206.5 0.0
285.0 3.5 0.0
285.0 10.5 -0.2
285.0 17.5 -0.2
285.0 24.5 0.0
285.0 31.5 -0.2
285.0 38.5 -0.2
285.0 45.5 -0.2
285.0 52.5 0.0
285.0 59.5 -0.2
285.0 66.5 -0.2
285.0 73.5 0.0
285.0 80.5 -0.2
285.0 87.5 0.0
285.0 94.5 -0.2
285.0 101.5 0.0
285.0 108.5 -0.2
285.0 115.5 0.0
285.0 122.5 -0.2
285.0 129.5 0.0
285.0 136.5 0.0
285.0 143.5 0.0
285.0 150.5 -0.2
285.0 157.5 0.0
285.0 164.5 -0.2
285.0 171.5 -0.2
285.0 178.5 -0.2
285.0 185.5 0.0
285.0 192.5 0.0
285.0 199.5 0.0
285.0 206.5 0.0
295.0 3.5 0.0
295.0 10.5 0.0
295.0 17.5 -0.2
295.0 24.5 -0.2
295.0 31.5 -0.2
295.0 38.5 0.0
295.0 45.5 -0.2
295.0 52.5 0.0
295.0 59.5 0.0
295.0 66.5 0.0
295.0 73.5 0.0
295.0 80.5 0.0
295.0 87.5 -0.2
295.0 94.5 0.0
295.0 101.5 0.0
295.0 108.5 0.0
295.0 115.5 -0.2
295.0 122.5 -0.2
295.0 129.5 0.0
295.0 136.5 0.0
295.0 143.5 0.0
295.0 150.5 0.0
295.0 157.5 -0.2
295.0 164.5 0.0
295.0 171.5 -0.2
295.0 178.5 0.0
295.0 185.5 0.0
295.0 192.5 -0.2
295.0 199.5 0.0
295.0 206.5 0.0
