36
5.0 3.5 0.0
5.0 10.5 0.0
5.0 17.5 -0.2
5.0 24.5 -0.2
5.0 31.5 0.0
5.0 38.5 0.0
15.0 3.5 -0.2
15.0 10.5 -0.2
15.0 17.5 0.0
15.0 24.5 -0.2
15.0 31.5 0.0
15.0 38.5 0.0
25.0 3.5 -0.2
25.0 10.5 -0.2
25.0 17.5 -0.2
25.0 24.5 0.0
25.0 31.5 0.0
25.0 38.5 -0.2
35.0 3.5 -0.2
35.0 10.5 -0.2
35.0 17.5 -0.2
35.0 24.5 0.0
35.0 31.5 -0.2
35.0 38.5 -0.2
45.0 3.5 -0.2
45.0 10.5 0.0
45.0 17.5 0.0
45.0 24.5 0.0
45.0 31.5 -0.2
45.0 38.5 -0.2
55.0 3.5 -0.2
55.0 10.5 -0.2
55.0 17.5 -0.2
55.0 24.5 0.0
55.0 31.5 0.0
55.0 38.5 0.0
