36
25.0 20.0 -0.2
25.0 60.0 0.0
25.0 100.0 0.0
25.0 140.0 -0.2
25.0 180.0 -0.2
25.0 220.0 0.0
75.0 20.0 0.0
75.0 60.0 -0.2
75.0 100.0 0.0
75.0 140.0 0.0
75.0 180.0 -0.2
75.0 220.0 -0.2
125.0 20.0 0.0
125.0 60.0 0.0
125.0 100.0 -0.2
125.0 140.0 0.0
125.0 180.0 -0.2
125.0 220.0 0.0
175.0 20.0 0.0
175.0 60.0 -0.2
175.0 100.0 0.0
175.0 140.0 0.0
175.0 180.0 0.0
175.0 220.0 -0.2
225.0 20.0 -0.2
225.0 60.0 -0.2
225.0 100.0 -0.2
225.0 140.0 0.0
225.0 180.0 -0.2
225.0 220.0 0.0
275.0 20.0 0.0
275.0 60.0 0.0
275.0 100.0 -0.2
275.0 140.0 -0.2
275.0 180.0 -0.2
275.0 220.0 -0.2
