NAME: ATSP_between_chains
TYPE: ATSP
DIMENSION: 44
EDGE_WEIGHT_TYPE: EXPLICIT
EDGE_WEIGHT_FORMAT: FULL_MATRIX
EDGE_WEIGHT_SECTION
832484
867356
922552
994694
1110199
1046054
997714
961861
1094041
1118844
1172501
1252182
1316968
1238797
698074
739314
828912
947555
720262
595078
420832
658763
307517
196115
140567
355358
525257
708996
867356
985536
1720097
2774947
2618967
2462038
2483347
2325309
2059871
1915145
1960463
1777816
1647070
1142148
2602147
2598770
825864
821867
841664
883656
1011916
975460
958432
967551
1118844
1094041
1109979
1156475
1252895
1234358
690167
685379
722797
803356
595078
547020
433678
497347
464023
399013
374846
578661
696034
803356
968980
1065806
1804195
2823963
2658487
2477594
2463375
2332380
2051862
1923723
1923723
1793186
1683328
1230070
2625246
2605098
853321
825864
821867
841664
975460
958432
961861
997714
1156475
1103034
1095044
1118844
1234358
1252895
722797
690167
690167
739314
554989
564792
497347
433678
583488
533247
515413
716017
813816
885266
1050515
1134649
1866988
2862187
2691726
2497452
2462038
2347860
2059871
1942463
1915145
1816904
1720097
1300348
2648973
2618967
902097
853321
825864
821867
958432
961861
985537
1046054
1209370
1129585
1098047
1098047
1231687
1286611
779781
722797
685379
698074
549023
615035
588345
410265
710717
670084
655981
854419
937895
980575
1143573
1215909
1937959
2906714
2731801
2524992
2468717
2371585
2077383
1971073
1916864
1851022
1767312
1381396
2679873
2640257
758371
708996
685379
690167
825864
821867
841664
902097
1065806
985536
958432
967551
1094041
1142148
637816
578237
547020
578237
410265
472445
464023
277494
624288
609125
624288
842197
966292
1050515
1215909
1300348
2031953
3020886
2848732
2648973
2602147
2497452
2206069
2094224
2051862
1971074
1879272
1466065
2802110
2767421
685379
690167
722797
779781
902097
853321
825864
825864
975460
958432
985536
1046054
1129585
1095044
549023
554989
615035
720262
497347
412932
289118
427066
355358
327990
355358
583488
751586
902097
1065806
1172501
1911704
2945824
2783242
2608888
2602147
2465602
2188082
2056137
2064662
1923723
1807819
1334357
2754698
2738712
1011916
975460
958432
961861
1098047
1095044
1109979
1156475
1316968
1252895
1231687
1238797
1367551
1406333
883656
841664
820530
841664
683775
722797
663129
549023
734405
667713
624288
796548
842197
854132
1014686
1080393
1797536
2762172
2587262
2381285
2329083
2228348
1935102
1827146
1778434
1706643
1622951
1245345
2535837
2497452
975460
958432
961861
985536
1118844
1098047
1095044
1118844
1273749
1234358
1234358
1262496
1374756
1380334
841664
821867
832484
883656
698074
690167
595078
578237
622787
542544
488107
655981
710717
751586
915741
994694
1724606
2717701
2547498
2354862
2324837
2206069
1919725
1799908
1780285
1673517
1575590
1160477
2505790
2477594
958432
961861
985536
1028059
1156475
1118844
1098047
1098047
1244984
1231687
1252895
1301035
1396149
1368353
821867
825864
867356
944890
739314
685379
554989
637816
525257
427066
355358
515413
583488
663129
828912
922552
1660396
2679873
2514973
2336612
2329083
2192592
1914572
1783365
1793186
1651729
1539648
1087220
2483347
2465602
961861
985536
1028059
1087220
1209370
1156475
1118844
1095044
1231687
1244984
1286611
1353146
1431093
1370758
825864
853321
922552
1021912
803356
708996
549023
720262
451048
331564
232011
374846
464023
595078
758371
867356
1605953
2648973
2489969
2326725
2341774
2188082
1919725
1777816
1816904
1641730
1515937
1028059
2468717
2461592
1109979
1142148
1190156
1252182
1373278
1316968
1273749
1238797
1368353
1396149
1445594
1516742
1590154
1515937
975460
1011916
1087220
1187592
968980
867356
698074
885266
554989
420832
289118
312631
312631
433678
595078
708996
1445594
2497452
2341774
2188082
2219958
2053466
1793186
1643735
1706642
1505036
1370758
867356
2326725
2326725
1094041
1103034
1129585
1172501
1301035
1262496
1238797
1231687
1374756
1370758
1396149
1445594
1539648
1504306
957286
967551
1011916
1087220
883656
825864
685379
779781
615035
497347
392230
488107
488107
525257
690698
779781
1516742
2535837
2371585
2196094
2196094
2053466
1778434
1643735
1664968
1510859
1396149
944890
2341774
2326725
1109979
1095044
1098047
1118844
1252895
1234358
1231687
1252895
1406333
1370758
1370758
1396149
1510859
1515937
975460
958432
967551
1011916
832484
825864
722797
708996
720262
622787
542544
670084
670084
658763
818697
885266
1606713
2587262
2415611
2219958
2188082
2070502
1783365
1664968
1643735
1539648
1445594
1050515
2371585
2341774
1156475
1118844
1098047
1095044
1231687
1234358
1252895
1301035
1461454
1396149
1370758
1370758
1505036
1550305
1028059
985537
958432
967551
821867
867356
803356
683775
854132
773711
710717
854419
854419
813816
966292
1014686
1712542
2650969
2473095
2259170
2196094
2104160
1807819
1706642
1643735
1590153
1516742
1176691
2415611
2371585
1252895
1234358
1231687
1244984
1380334
1368353
1370758
1396149
1550305
1510859
1505036
1522440
1643735
1657700
1118844
1098047
1098047
1129585
961861
967551
867356
832484
856271
751586
658763
754180
702836
625263
773711
818697
1519020
2473095
2298191
2094224
2051862
1942463
1651729
1539648
1505036
1417993
1334357
980575
2247967
2212528
1230796
1238797
1262496
1301035
1431093
1396149
1374756
1368353
1510859
1507222
1530351
1575590
1673517
1641061
1094041
1103034
1142148
1209370
1011916
961861
821867
902097
739314
615035
497347
542544
468557
427066
588345
663129
1394693
2403310
2237688
2059871
2059871
1916864
1641730
1507222
1530351
1374756
1262496
828912
2206069
2190088
1387473
1370758
1368353
1380334
1515937
1505036
1507222
1530351
1683328
1647071
1641730
1657700
1780285
1793187
1252895
1234358
1234358
1262496
1098047
1103034
997714
967551
968980
856271
751586
813816
716017
578661
710717
734405
1410492
2345002
2168391
1960463
1915145
1807819
1515937
1406333
1368353
1286611
1209370
890624
2115087
2077383
1550305
1522440
1507222
1505036
1641730
1643735
1657700
1694377
1851022
1799908
1780285
1780285
1915145
1950921
1417993
1387473
1368353
1374756
1231687
1262496
1172501
1094041
1160477
1050515
947554
1005267
886644
702836
808202
798026
1406769
2275113
2092108
1864612
1787668
1706643
1406333
1316968
1234358
1209370
1160477
937895
2023832
1971074
1651729
1641730
1643735
1657700
1793187
1780285
1778434
1793187
1942463
1916864
1916864
1935102
2056137
2059871
1515937
1505036
1510859
1539648
1374756
1370758
1252895
1244984
1190156
1065806
944890
947555
773711
533247
609125
578661
1176690
2073662
1894978
1683328
1641061
1530351
1238797
1129585
1098047
1011916
944890
710717
1838526
1799908
1816904
1793186
1780285
1778434
1915145
1916864
1928852
1960463
2115087
2070502
2053466
2053466
2188583
2219958
1683328
1657700
1641730
1647070
1505036
1530351
1431093
1367551
1394693
1275632
1160477
1176691
1005267
754180
808202
749692
1236994
2031953
1845105
1605953
1515937
1445594
1142148
1065806
961861
968980
947554
854419
1767312
1706643
1787668
1778434
1780285
1793186
1928852
1916864
1915145
1928852
2077383
2053466
2053466
2070502
2192592
2196094
1651729
1641730
1647070
1673517
1510859
1507222
1387473
1380334
1316968
1190156
1065806
1050515
854132
583488
624288
562269
1085762
1948107
1767312
1550305
1504306
1396149
1103034
997714
961861
883656
828912
670084
1706643
1664968
1935102
1960463
1995428
2039501
2168391
2126990
2094224
2064662
2192592
2219958
2259170
2312951
2403310
2341774
1799908
1827146
1879272
1948107
1750462
1683328
1522440
1641112
1367551
1230796
1094041
975460
708997
412932
307517
165782
663129
1673517
1515937
1370758
1445594
1244984
1011916
841663
994694
698074
547020
187423
1504306
1515937
2053466
2064662
2085294
2115087
2247967
2219958
2200588
2188583
2325309
2332380
2354862
2391864
2497452
2463375
1916864
1928852
1960463
2009134
1827146
1787668
1641730
1706642
1515937
1380334
1244984
1156475
902097
595078
525257
392230
696035
1590153
1417993
1234358
1262496
1094041
832484
683775
779781
549023
451048
399013
1380334
1367551
2056137
2051327
2056137
2070502
2206069
2192592
2188082
2196094
2341774
2325309
2329083
2347860
2468717
2465602
1919725
1914572
1923723
1950921
1787668
1778434
1651729
1657700
1562296
1431093
1301035
1252182
1021912
720262
696035
583488
895995
1680766
1497074
1273749
1231687
1118844
825864
722797
698074
615035
588345
624288
1431093
1387473
2085294
2064662
2053466
2051862
2188583
2190088
2200588
2228348
2381285
2341774
2326725
2326725
2462038
2489969
1950921
1928852
1915145
1919725
1778434
1799908
1694377
1641061
1641112
1516742
1394693
1381396
1176691
890624
895995
798026
1109469
1797536
1606713
1353146
1244984
1190156
883656
828912
690167
751586
773711
854419
1516742
1445594
1928852
1916864
1915145
1923723
2059871
2051862
2053466
2070502
2219958
2192592
2188584
2200588
2326725
2336612
1793187
1780285
1780285
1799908
1643735
1647071
1530351
1510859
1461454
1334357
1209370
1187592
980575
696035
710717
624288
1044889
1845105
1660396
1431093
1368353
1273749
975460
883656
821867
779781
751586
702836
1590153
1539648
1915145
1916864
1928852
1950921
2085294
2064662
2053466
2053466
2196094
2188584
2200588
2228348
2341774
2325309
1778434
1780285
1799908
1838526
1664968
1641730
1507222
1539648
1406333
1273749
1142148
1087220
856271
555722
542544
443322
890624
1767312
1590153
1387473
1374756
1238797
957286
832484
853321
708996
637815
515413
1539648
1510859
2094224
2126990
2168391
2217943
2345002
2298191
2259170
2219958
2341774
2381285
2428754
2489464
2573223
2497452
1960463
1995428
2056119
2131612
1929422
1851022
1683328
1824163
1510859
1374756
1238797
1095044
821867
554989
410265
277494
472445
1515937
1368353
1252895
1373278
1142148
944890
758371
980575
615035
433678
144559
1374756
1406333
2237688
2271285
2312951
2362258
2489464
2442725
2403310
2362774
2483347
2524992
2573223
2633937
2717701
2640257
2104160
2139854
2200552
2275113
2073662
1995428
1827146
1967730
1651729
1515937
1380334
1230796
957286
698074
549023
420831
331564
1374756
1230796
1129585
1275632
1028059
856271
663129
928046
525257
331564
273510
1244984
1286611
2206069
2228348
2259170
2298191
2428754
2391864
2362774
2336612
2465602
2489969
2524992
2573223
2668790
2613512
2070502
2094224
2139854
2200552
2009134
1950921
1793186
1894978
1641061
1504306
1367551
1244984
975460
685379
564792
420831
464023
1406333
1244984
1098047
1190156
975460
758371
578237
784460
433678
273510
331564
1230796
1244984
2188583
2190088
2200588
2219958
2354862
2336612
2326725
2326725
2468717
2462038
2472716
2497452
2613512
2598770
2051862
2053466
2070502
2104160
1935102
1915145
1780284
1807819
1673517
1539648
1406333
1334357
1087220
779781
720262
588345
754180
1516742
1334357
1118844
1103034
967551
683775
564792
595078
451049
427066
583488
1273749
1238797
2212528
2196094
2188583
2190088
2326725
2325309
2332380
2354862
2505790
2472716
2462038
2465602
2598347
2618967
2077383
2059871
2051327
2059871
1914572
1928852
1816904
1778434
1750462
1622951
1497073
1466065
1245345
947554
928046
813816
1021277
1657824
1466065
1209370
1103034
1046054
739314
690698
549023
622787
667713
842197
1373278
1301035
2354862
2381285
2415611
2457510
2587262
2547498
2514973
2483347
2608888
2640257
2679873
2731801
2823963
2760669
2219958
2247967
2298191
2362258
2168391
2104160
1942463
2056119
1780285
1643735
1507222
1370758
1098047
821867
685379
547020
312631
1252895
1098047
975460
1110199
867356
690698
497347
773711
360131
165782
420831
1098047
1129585
2381285
2415611
2457510
2506602
2633937
2587262
2547498
2505790
2625246
2668790
2717701
2778418
2862187
2783242
2247967
2284297
2345002
2418741
2217943
2139854
1971073
2111432
1793186
1657700
1522440
1368353
1095044
841664
690167
564792
196115
1234358
1095044
1011916
1187592
922552
784460
588345
895995
464023
271272
412932
1118844
1172501
2535837
2573223
2617632
2668715
2795356
2746629
2704339
2658487
2774947
2823963
2876343
2939760
3020886
2935745
2403310
2442725
2506602
2582529
2380313
2298191
2126990
2275113
1942463
1807819
1673517
1510859
1238797
997714
841663
722797
46855
1094041
967551
922552
1143573
856271
773711
583488
931327
488107
327990
564792
1011916
1087220
2514973
2547498
2587262
2633937
2762172
2717701
2679873
2640257
2760669
2802110
2848732
2906714
2993142
2917742
2381285
2415611
2473095
2543122
2345002
2271285
2104160
2236181
1928852
1793186
1657700
1505036
1231687
975460
825864
698074
140567
1098047
958432
883656
1080393
803356
696035
502633
842197
399013
234278
549023
985537
1046054
2648973
2679873
2717701
2762172
2891189
2848732
2812667
2774947
2896217
2935745
2980278
3035748
3124593
3052442
2514973
2547498
2602070
2668715
2473095
2403310
2237688
2362258
2064662
1928852
1793186
1641730
1368353
1109979
961861
832484
196115
961861
821867
758371
980575
690698
625263
443322
808202
374846
271272
685379
853321
922552
2668790
2704339
2746629
2795356
2922908
2876343
2835987
2792299
2909830
2956611
3006681
3067404
3151180
3069655
2535837
2573223
2633937
2706293
2506602
2428754
2259170
2399146
2077383
1942463
1807819
1647071
1374756
1129585
975460
853321
144559
957285
832484
803356
1049780
751586
710717
533247
900702
468557
355358
698074
883656
968980
2802110
2835987
2876343
2922908
3051257
3006681
2968098
2926382
3044880
3089616
3137565
3195802
3282000
3203806
2668790
2704339
2762172
2831253
2633937
2559964
2391864
2524493
2212528
2077383
1942463
1783365
1510859
1262496
1109978
985536
277494
820530
698074
690698
966292
658763
670084
515413
890260
488107
427066
832484
758371
856271
3044880
3069655
3100611
3137565
3268930
3233478
3203806
3173511
3298471
3329937
3366656
3413285
3510444
3450837
2909830
2935745
2980278
3035748
2848732
2792299
2632345
2731801
2468717
2332380
2196094
2051327
1777816
1510859
1368353
1234358
578237
564792
410265
392230
710717
399013
533247
464023
798026
525257
578237
1094041
451049
555722
3089616
3124593
3165431
3211906
3340348
3295685
3256481
3213044
3329937
3377399
3426446
3484896
3570901
3490374
2956610
2993142
3051257
3119567
2922908
2848732
2679873
2812972
2497452
2362774
2228348
2064662
1793186
1550305
1396149
1273749
549023
554989
472445
583488
931327
624288
762063
667713
1021277
696035
690698
1118844
588345
734405
3173511
3195229
3222936
3256481
3388755
3356533
3329937
3303459
3430418
3457511
3490374
3532887
3633809
3580553
3038023
3060702
3100611
3151180
2968098
2917742
2760669
2848732
2602147
2465602
2329083
2188584
1915145
1643735
1504306
1368353
722797
451048
277494
271272
624288
327990
542544
525257
813816
615035
698074
1231687
307517
427066
2945824
2980278
3020886
3067404
3195802
3151180
3112272
3069655
3187317
3233478
3282000
3340348
3426446
3347035
2812667
2848732
2906714
2975391
2778418
2704339
2535837
2668715
2354862
2219958
2085294
1923723
1651729
1406333
1252895
1129585
410265
685379
578237
622787
937895
625263
702836
578661
947041
583488
555722
975460
663129
784460
392230
502633
625263
754180
716017
578661
443322
271272
140567
374846
562269
749692
624288
312631
497347
588345
734405
895995
818697
663129
722797
947555
820530
957285
1094041
1244984
1515937
1778434
1919725
2053466
2760669
3843165
3697142
3556868
3586373
3424012
3162423
3014445
3060702
2875296
2735102
2196094
3692388
3697142
