NAME : ATSP_between_chains.148310653.tour
COMMENT : Length = 148310653
COMMENT : Found by LKH [Keld Helsgaun] Thu Mar  7 16:38:12 2019
TYPE : TOUR
DIMENSION : 215
TOUR_SECTION
1
52
50
20
60
59
58
77
56
22
54
23
62
61
21
51
63
69
91
64
197
48
28
66
45
30
32
8
10
12
33
207
31
13
16
18
17
19
53
24
26
25
27
3
15
209
4
208
5
14
7
11
34
36
39
40
206
6
35
9
41
43
199
42
92
94
87
95
123
119
131
135
114
81
106
137
127
115
104
136
97
107
89
73
110
71
121
122
85
133
145
205
37
38
192
195
198
44
67
49
2
210
165
111
109
201
166
156
211
151
172
164
146
204
176
157
162
168
182
173
203
215
160
171
170
177
213
149
214
158
148
178
163
167
152
174
154
191
186
200
140
144
141
138
112
84
83
124
80
102
117
125
82
105
99
118
126
98
76
55
47
90
65
29
46
188
155
202
153
181
183
184
180
190
193
185
68
130
120
70
93
189
194
86
175
212
150
169
159
161
179
147
132
108
88
196
187
72
134
142
143
139
74
128
116
129
96
113
75
100
103
101
79
78
57
-1
EOF
