NAME: ATSP_between_chains
TYPE: ATSP
DIMENSION: 89
EDGE_WEIGHT_TYPE: EXPLICIT
EDGE_WEIGHT_FORMAT: FULL_MATRIX
EDGE_WEIGHT_SECTION
28911
42083
56479
98553
109804
110997
112958
115647
117250
120937
125218
108722
102805
98553
96898
133435
130103
128661
126249
125289
123879
123168
123168
136835
136835
137475
138747
140633
141799
146145
160595
156229
153035
151085
150430
167351
173471
185102
180781
194246
197107
211508
209422
207738
205987
219008
232908
232483
232908
234177
235486
237158
223768
221995
220606
219609
219008
233661
236277
248996
247759
246871
246159
246871
248334
249745
261896
260509
261351
261896
263234
277494
276742
276066
274951
289052
290265
290983
305244
304488
303187
329414
330910
332993
346480
343936
317351
318731
359981
27127
23427
31263
66312
68537
68537
69807
72279
73931
77978
82891
66312
59507
55498
55572
90209
86735
85332
83248
82586
82053
82586
84166
97546
96186
95728
96186
97546
98553
102805
117250
112958
110303
109404
110303
124498
130103
141799
138033
151593
153964
168332
166496
165172
164173
179318
193510
191972
191457
191972
192885
194246
180781
179318
178336
177843
177843
195092
199542
211508
209422
207738
205613
205186
205987
207050
219609
221252
222834
223768
225917
240331
239186
238128
236277
250579
252499
253583
267987
266879
264897
290265
292638
295661
308961
305244
279229
281266
322293
341919
328245
314536
273670
260888
261896
263234
264897
265848
267987
270433
281266
278324
276066
294582
254749
252499
251497
249745
248996
247759
246871
246337
232672
233238
234177
235486
237158
238128
241561
229819
225917
222834
220606
219259
210416
216839
202383
197107
183852
187927
176731
173471
170664
167351
150503
136755
137475
139614
143109
146145
149707
162295
159015
156229
153964
152244
137075
139614
125289
123879
123168
123879
127374
131696
135314
119015
109504
110303
110997
112958
101191
99771
98553
96755
84166
86735
88365
77978
75837
72279
43367
49734
58834
50263
36013
61503
66312
44332
23427
27127
39223
77978
82186
82186
83248
85332
86735
90209
94489
77978
72279
69016
66312
102805
99771
98553
96755
96186
95728
96186
97546
110997
109804
109404
109804
110997
111884
115647
130103
126249
123879
123079
123879
138033
143109
155030
151593
165172
167351
181690
179990
178766
177843
192885
207050
205613
205132
205613
206466
207738
194246
192885
191972
191514
191514
208529
212699
224796
222834
221252
219259
218858
219609
220606
233238
234786
236277
237158
239186
253583
252499
251497
249745
264025
265848
266879
281266
280211
278324
303802
306070
308961
322293
318731
292638
294582
335653
35535
32799
39901
72026
69807
68537
68537
69807
70899
73931
77978
61503
56479
54702
49734
86735
84166
83248
82186
82053
82586
84166
86735
99771
97546
96186
95728
96186
96755
99771
114214
110997
109504
109804
111884
123435
127374
139614
137075
150722
152244
166496
165172
164373
164173
180781
195092
192885
191686
191514
191972
192885
179318
178336
177843
177843
178336
197107
202383
213985
211508
209422
206466
205186
205346
205987
219008
222834
224796
225917
228429
242875
241561
240331
238128
252499
254749
255996
270433
269172
266879
291774
294582
298027
311227
306965
281266
283598
324466
50263
58834
72026
111019
111884
110303
109504
109504
109804
110997
112958
97546
95843
96186
84166
124498
123435
123168
123168
123435
124498
126249
128661
141799
139614
138033
137075
136755
136835
138033
152244
150722
150503
151593
153964
164106
165770
178766
177781
191457
191972
205987
205346
205132
205613
222834
237158
234786
233238
232530
232530
232908
219259
218858
218858
219259
220058
239186
244272
255996
253583
251497
248334
246560
246159
246337
259834
264897
266879
267987
270433
284873
283598
282396
280211
294582
296809
298027
312459
311227
308961
333816
336665
340072
353288
349037
323347
325648
366539
47244
59507
73931
115647
123168
123168
123879
125289
126249
128661
131696
115647
111884
109804
102805
141799
139614
138747
137475
137075
136755
137075
138033
151593
150722
150430
150722
151593
152244
155030
169437
166496
164707
164106
164707
178766
182714
195092
192372
205987
207738
221995
220606
219609
218858
233661
247759
246560
246159
246560
247271
248334
234786
233661
232908
232530
232530
248996
252499
264897
263234
261896
260214
259877
260509
261351
274151
275469
276742
277494
279229
293574
292638
291774
290265
304488
306070
306965
321304
320380
318731
344478
346480
349037
362443
359279
332993
334703
375868
44332
50263
62278
99469
98553
96755
95843
95843
96186
97546
99771
84166
82186
82586
70899
110997
109804
109504
109504
109804
110997
112958
115647
128661
126249
124498
123435
123079
123168
124498
138747
137075
136835
138033
140633
150430
152244
165172
164106
177781
178336
192372
191686
191457
191972
209422
223768
221252
219609
218858
218858
219259
205613
205186
205186
205613
206466
225917
231295
242875
240331
238128
234786
232908
232483
232672
246159
251497
253583
254749
257322
271770
270433
269172
266879
281266
283598
284873
299314
298027
295661
320380
323347
326893
340072
335653
310061
312459
353288
57866
62526
73440
108039
102805
99771
97546
96186
95843
95843
96755
82186
82586
85332
68537
109504
109504
109804
110997
111884
114214
117250
120937
133435
130103
127374
125289
123879
123435
123168
137075
136835
138033
140633
144559
151085
150722
164173
164707
178336
177781
191514
191514
191972
193510
212699
227128
223768
221252
219609
219008
218808
205132
205346
205987
207050
208529
229819
236225
247309
244272
241561
237158
234177
232908
232530
246560
254749
257322
258726
261763
276217
274662
273180
270433
284873
287634
289118
303574
302088
299314
323347
326893
330997
344019
338875
313756
316543
357090
75418
71601
74969
93789
75158
69069
63781
59507
57823
55498
54702
42083
47244
55572
28911
69016
70899
72279
75837
77978
82891
88526
94755
105051
99469
94489
90209
86735
85332
82586
95843
97546
101191
106580
113464
112958
109504
123435
126249
139614
137475
150722
151593
153035
156229
178523
192942
187927
183852
180781
179318
178336
164707
165770
167351
169437
172009
196773
205505
215262
211143
207366
200913
196046
193510
192372
207050
220055
223618
225524
229576
243907
241874
239914
236225
250660
254312
256247
270629
268716
265096
287634
292290
297539
310156
303574
279535
283125
322860
65598
67008
75418
104978
94489
90209
86735
84166
83248
82186
82186
68537
70899
75837
54902
95843
96755
97546
99771
101191
104605
108722
113464
125218
120937
117250
114214
111884
110997
109504
123079
123879
126249
130103
135314
138747
136755
150503
152244
165770
164373
177843
178336
179318
181690
202383
216839
212699
209422
207050
205987
205346
191686
192372
193510
195092
197107
220055
227511
238031
234500
231295
225917
221995
220058
219259
233661
244272
247309
248946
252449
266871
265096
263393
260207
274662
277841
279535
293976
292290
289118
312459
316543
321190
334034
328200
303574
306740
346942
57866
56226
62428
89062
77978
73931
70899
69016
68537
68537
69807
54902
55498
59507
41293
82186
82186
82586
84166
85332
88365
92255
96897
108722
104605
101191
98553
96755
96186
95843
109804
109504
110997
114214
119015
123879
123435
136835
137475
151085
150430
164173
164173
164707
166496
186461
200913
197107
194246
192372
191686
191457
177781
178028
178766
179990
181690
203950
211143
221794
218402
215366
210416
207050
205613
205186
219259
228429
231295
232856
236225
250660
248946
247309
244272
258726
261763
263393
277841
276217
273180
296809
300668
305125
318030
312459
287634
290671
330997
23201
33156
47244
88365
95728
96186
97546
99771
101191
104605
108722
92255
86735
83248
80335
117250
114214
112958
110997
110303
109504
109504
110303
123879
123168
123168
123879
125289
126249
130103
144559
140633
138033
136835
137075
152244
157559
169437
165770
179318
181690
196046
194246
192885
191686
205987
220058
219008
218858
219609
220606
221995
208529
207050
205987
205346
205132
221252
224796
237158
235486
234177
232672
232672
233661
234786
247271
247759
248996
249745
251497
265848
264897
264025
262524
276742
278324
279229
293574
292638
290983
316762
318731
321304
334703
331540
305244
306965
348124
56479
43367
33156
31263
27749
30751
36013
42706
46402
54254
62526
48810
35535
23201
46855
62278
55572
52525
47244
45104
42083
41026
42083
55498
54702
55498
57823
61503
63781
72026
85627
77978
72279
69016
68537
86735
96898
106580
99771
112958
117250
131696
128661
126249
123879
137475
151593
150503
150722
152244
153964
156229
143109
140633
138747
137475
136835
153035
157559
169437
167351
165770
164173
164707
166496
168332
179990
179318
180781
181690
183852
198273
197107
196046
194246
208529
210416
211508
225917
224796
222834
248334
250579
253583
266879
263234
237158
239186
280211
74969
76206
84219
112254
99469
94489
90209
86735
85332
83248
82186
69807
73931
80335
56479
96755
98553
99771
102805
104605
108722
113464
118759
130034
125218
120937
117250
114214
112958
110303
123435
125289
128661
133435
139469
140633
137075
151085
153964
167351
165172
178336
179318
180781
183852
205611
220055
215366
211508
208529
207050
205987
192372
193510
195092
197107
199542
223618
231718
241874
238031
234500
228429
223768
221252
220058
234786
247309
250660
252449
256247
270629
268716
266871
263393
277841
281297
283125
297539
295725
292290
315118
319580
324590
337305
330997
306740
310156
350092
60912
62428
71071
101468
92255
88365
85332
83248
82586
82053
82586
68377
69807
73931
54702
95728
96186
96755
98553
99771
102805
106580
111019
123007
119015
115647
112958
110997
110303
109404
123168
123435
125289
128661
133435
138033
136835
150430
151593
165172
164173
177781
178028
178766
180781
200913
215366
211508
208529
206466
205613
205186
191514
191972
192885
194246
196046
218402
225524
236225
232856
229819
224796
221252
219609
219008
233238
242875
245751
247309
250660
265096
263393
261763
258726
273180
276217
277841
292290
290671
287634
311227
315118
319580
332486
326893
302088
305125
345452
58348
65876
78446
116047
114214
111884
110303
109504
109404
109804
110997
96186
95843
97546
82586
123435
123079
123168
123879
124498
126249
128661
131696
144559
141799
139614
138033
137075
136835
137075
151085
150430
151085
153035
156229
164373
164707
178028
178028
191686
191514
205346
205132
205346
206466
224796
239186
236277
234177
232908
232530
232530
218858
218858
219259
220058
221252
241561
247309
258726
255996
253583
249745
247271
246337
246159
260003
266879
269172
270433
273180
287634
286218
284873
282396
296809
299314
300668
315118
313756
311227
335653
338875
342644
355765
351044
325648
328200
368927
39901
37484
44332
75158
70899
69016
68377
69016
69807
72279
75837
59507
55498
54902
47244
85332
83248
82586
82053
82186
83248
85332
88365
101191
98553
96755
95843
95843
96186
98553
112958
110303
109404
110303
112958
123168
126249
138747
136835
150503
151593
165770
164707
164173
164373
181690
196046
193510
191972
191457
191686
192372
178766
178028
177781
178028
178766
198273
203950
215366
212699
210416
207050
205346
205186
205613
218858
223768
225917
227128
229819
244272
242875
241561
239186
253583
255996
257322
271770
270433
267987
292638
295661
299314
312459
307929
282396
284873
325648
37484
39901
50263
85627
84166
82586
82053
82586
83248
85332
88365
72279
69016
68537
59507
98553
96755
96186
95728
95843
96755
98553
101191
114214
111884
110303
109504
109504
109804
111884
126249
123879
123079
123879
126249
136835
139614
152244
150503
164173
165172
179318
178336
177843
178028
195092
209422
207050
205613
205132
205346
205987
192372
191686
191457
191686
192372
211508
216839
228429
225917
223768
220606
219008
218858
219259
232530
237158
239186
240331
242875
257322
255996
254749
252499
266879
269172
270433
284873
283598
281266
306070
308961
312459
325648
321304
295661
298027
338875
19611
30751
45104
86735
95843
96755
98553
101191
102805
106580
111019
94489
88365
84166
82891
119015
115647
114214
111884
110997
109804
109404
109804
123435
123079
123435
124498
126249
127374
131696
146145
141799
138747
137075
136835
153035
159015
170664
166496
179990
182714
197107
195092
193510
191972
205613
219609
218858
219008
220058
221252
222834
209422
207738
206466
205613
205186
220606
223768
236277
234786
233661
232530
232908
234177
235486
247759
247271
248334
248996
250579
264897
264025
263234
261896
276066
277494
278324
292638
291774
290265
316242
318007
320380
333816
330910
304488
306070
347271
54902
41293
27351
16578
36013
42706
50263
58348
62526
71071
79802
67008
53324
39901
65598
77371
69603
65876
58834
55572
49734
45104
42083
55498
57823
61503
66312
72026
75158
85413
98057
88526
80335
73931
69807
94489
108039
116047
106580
119015
125218
139469
135314
131696
127374
136835
150430
151085
153035
156229
159015
162295
149707
146145
143109
140633
138747
150722
153035
165770
164707
164173
164707
167351
170664
173471
183852
177843
178336
178766
179990
194246
193510
192885
191972
205987
207050
207738
221995
221252
220058
246560
247759
249745
263234
260888
234177
235486
276742
68537
54902
42083
18742
19611
27127
35535
44332
48810
57866
67008
56226
42170
28113
57866
62526
54254
50263
42706
39223
33156
28911
27351
41026
42083
45104
49734
55572
58834
69603
81869
72026
63781
57823
54902
77978
91574
99469
90209
102805
108722
123007
119015
115647
111884
123168
137075
136835
138033
140633
143109
146145
133435
130103
127374
125289
123879
138033
141799
153964
152244
151085
150503
152244
155030
157559
168332
164707
165770
166496
168332
182714
181690
180781
179318
193510
195092
196046
210416
209422
207738
233661
235486
238128
251497
248334
221995
223768
264897
83248
69807
55498
13675
32799
42170
51541
60912
65598
74969
84340
76206
62428
48810
79802
76206
67008
62428
53324
48810
39901
31263
23201
33156
39223
46402
54254
62526
66771
79802
89599
77371
65876
55572
47244
78446
96629
101468
88526
99469
108039
121590
116047
111019
104605
110303
123435
125289
128661
133435
137327
141733
130034
125218
120937
117250
114214
123079
124498
137475
136835
136835
138747
143109
147862
151674
160595
150503
150503
150722
151593
165770
165172
164707
164173
178028
178766
179318
193510
192885
191972
218858
219609
221252
234786
232908
205987
207050
248334
82186
68537
54702
16578
23427
32799
42170
51541
56226
65598
74969
67008
53324
39901
71071
67008
57866
53324
44332
39901
31263
23201
16578
28911
33156
39223
46402
54254
58348
71071
81381
69603
58834
49734
43367
72026
89062
94755
82891
94489
102191
116047
111019
106580
101191
109504
123079
123879
126249
130103
133435
137327
125218
120937
117250
114214
111884
123435
126249
138747
137475
136835
137475
140633
144559
147862
157559
150503
151085
151593
153035
167351
166496
165770
164707
178766
179990
180781
195092
194246
192885
219259
220606
222834
236277
233661
207050
208529
249745
45104
33156
27127
42706
41026
42083
45104
49734
52525
58834
65876
50263
39223
30751
44332
69069
63781
61503
57823
56479
54902
54902
56479
69807
68537
68537
69807
72279
73931
80335
94489
88365
84166
82186
82586
98553
106580
117250
111884
125289
128661
143109
140633
138747
137075
151593
165770
164373
164173
165172
166496
168332
155030
153035
151593
150722
150430
167351
172009
183852
181690
179990
178028
178028
179318
180781
192885
193510
195092
196046
198273
212699
211508
210416
208529
222834
224796
225917
240331
239186
237158
262524
264897
267987
281266
277494
251497
253583
294582
16578
9371
19611
59507
69016
70899
73931
77978
80335
85627
91574
75158
66312
59507
65876
96897
92255
90209
86735
85332
83248
82186
82186
95843
95843
96755
98553
101191
102805
108722
123007
117250
112958
110303
109404
127374
135314
146145
140633
153964
157559
172009
169437
167351
165172
178028
191972
191457
191972
193510
195092
197107
183852
181690
179990
178766
178028
192885
196046
208529
207050
205987
205132
205987
207738
209422
221252
219609
220606
221252
222834
237158
236277
235486
234177
248334
249745
250579
264897
264025
262524
288558
290265
292638
306070
303187
276742
278324
319522
42706
35535
37484
62278
56479
54902
54902
56479
57823
61503
66312
49734
43367
41026
39223
73931
70899
69807
68537
68377
69016
70899
73931
86735
84166
82586
82053
82586
83248
86735
101191
97546
95843
96186
98553
109804
114214
126249
123435
137075
138747
153035
151593
150722
150503
167351
181690
179318
178028
177843
178336
179318
165770
164707
164173
164173
164707
183852
189497
200913
198273
196046
192885
191514
191686
192372
205346
209422
211508
212699
215366
229819
228429
227128
224796
239186
241561
242875
257322
255996
253583
278324
281266
284873
298027
293574
267987
270433
311227
66771
73440
85413
121590
117250
114214
111884
110303
109804
109404
109804
95728
96755
99771
82053
123079
123435
123879
125289
126249
128661
131696
135314
147862
144559
141799
139614
138033
137475
136755
150503
150722
152244
155030
159015
165172
164173
177781
178766
192372
191514
205132
205346
205987
207738
227128
241561
238128
235486
233661
232908
232530
218858
219259
220058
221252
222834
244272
250660
261763
258726
255996
251497
248334
246871
246337
260509
269172
271770
273180
276217
290671
289118
287634
284873
299314
302088
303574
318030
316543
313756
337739
341328
345452
358470
353288
328200
330997
371536
76206
74969
80820
104488
88526
82891
77978
73931
72279
69807
68537
56479
61503
69069
43367
83248
85332
86735
90209
92255
96897
102191
108039
118759
113464
108722
104605
101191
99771
96755
109804
111884
115647
120937
127563
127374
123435
137475
140633
153964
151593
164707
165770
167351
170664
192942
207366
202383
198273
195092
193510
192372
178766
179990
181690
183852
186461
211143
219704
229576
225524
221794
215366
210416
207738
206466
221252
234500
238031
239914
243907
258252
256247
254312
250660
265096
268716
270629
285018
283125
279535
302088
306740
311956
324590
318030
293976
297539
337305
67008
71071
81381
114357
106580
102805
99771
97546
96755
95843
95843
82186
84166
88365
68537
109504
110303
110997
112958
114214
117250
120937
125218
137327
133435
130103
127374
125289
124498
123168
136755
137475
139614
143109
147862
152244
150430
164173
165770
179318
178028
191514
191972
192885
195092
215366
229819
225917
222834
220606
219609
219008
205346
205987
207050
208529
210416
232856
239914
250660
247309
244272
239186
235486
233661
232908
247271
257322
260207
261763
265096
279535
277841
276217
273180
287634
290671
292290
306740
305125
302088
325648
329568
334034
346942
341328
316543
319580
359907
58834
69069
82891
123007
125289
123879
123168
123168
123435
124498
126249
110997
109504
109804
97546
138033
137075
136835
136835
137075
138033
139614
141799
155030
153035
151593
150722
150430
150503
151593
165770
164373
164173
165172
167351
177781
179318
192372
191457
205132
205613
219609
219008
218808
219259
236277
250579
248334
246871
246203
246203
246560
232908
232530
232530
232908
233661
252499
257322
269172
266879
264897
261896
260214
259834
260003
273510
278324
280211
281266
283598
298027
296809
295661
293574
307929
310061
311227
325648
324466
322293
347271
350011
353288
366539
362443
336665
338875
379819
33156
23201
23427
52525
54702
55498
57823
61503
63781
69069
75158
58834
49734
43367
50263
80335
75837
73931
70899
69807
68537
68537
69807
83248
82186
82186
83248
85332
86735
92255
106580
101191
97546
95843
96186
111884
119015
130103
125289
138747
141799
156229
153964
152244
150722
165172
179318
178028
177843
178766
179990
181690
168332
166496
165172
164373
164106
180781
185102
197107
195092
193510
191686
191686
192885
194246
206466
207050
208529
209422
211508
225917
224796
223768
221995
236277
238128
239186
253583
252499
250579
276066
278324
281266
294582
290983
264897
266879
307929
55572
46402
44332
58348
45104
42083
41026
42083
43367
47244
52525
36013
28911
27749
27127
59507
56479
55498
54702
54902
56479
59507
63781
75837
72279
69807
68537
68537
69016
72279
86735
83248
82053
83248
86735
95843
99771
111884
109504
123168
124498
138747
137475
136835
137075
155030
169437
166496
164707
164106
164373
165172
151593
150722
150430
150722
151593
172009
178523
189497
186461
183852
179990
178028
177843
178336
191514
197107
199542
200913
203950
218402
216839
215366
212699
227128
229819
231295
245751
244272
241561
265848
269172
273180
286218
281266
255996
258726
299314
68537
54902
41026
9371
27127
35535
44332
53324
57866
67008
76206
65598
51541
37484
67008
71071
62526
58348
50263
46402
39223
33156
28911
42083
45104
49734
55572
62278
65876
77371
89062
78446
69069
61503
56479
82891
98057
105051
94489
106580
113464
127563
123007
119015
114214
123168
136755
137475
139614
143109
146145
149707
137327
133435
130103
127374
125289
137075
139614
152244
151085
150503
151085
153964
157559
160595
170664
164173
164707
165172
166496
180781
179990
179318
178336
192372
193510
194246
208529
207738
206466
232908
234177
236277
249745
247271
220606
221995
263234
31263
39223
52525
92255
96186
95728
96186
97546
98553
101191
104605
88365
84166
82186
75837
114214
111884
110997
109804
109504
109504
110303
111884
125289
123879
123168
123168
123879
124498
127374
141799
138747
137075
136835
138033
151085
155030
167351
164707
178336
179990
194246
192885
191972
191457
207050
221252
219609
218858
219008
219609
220606
207050
205987
205346
205132
205346
222834
227128
239186
237158
235486
233238
232483
232908
233661
246560
248996
250579
251497
253583
267987
266879
265848
264025
278324
280211
281266
295661
294582
292638
318007
320380
323347
336665
332993
306965
308961
350011
69603
78446
91574
130034
128661
126249
124498
123435
123168
123168
123879
109504
109804
111884
95843
136835
136835
137075
138033
138747
140633
143109
146145
159015
156229
153964
152244
151085
150722
150503
164373
164173
165172
167351
170664
178336
178028
191514
191972
205613
205132
218858
218858
219259
220606
239186
253583
250579
248334
246871
246337
246159
232483
232672
233238
234177
235486
255996
261763
273180
270433
267987
264025
261351
260214
259877
273871
281266
283598
284873
287634
302088
300668
299314
296809
311227
313756
315118
329568
328200
325648
350011
353288
357090
370204
365429
340072
342644
383358
81381
89062
101468
138139
133435
130103
127374
125289
124498
123435
123079
109804
111884
115647
96186
137075
138033
138747
140633
141799
144559
147862
151674
164111
160595
157559
155030
153035
152244
150722
164173
165172
167351
170664
175046
179990
177843
191686
193510
207050
205613
219008
219609
220606
222834
242875
257322
253583
250579
248334
247271
246560
232908
233661
234786
236277
238128
260207
266871
277841
274662
271770
266879
263234
261351
260509
274951
284873
287634
289118
292290
306740
305125
303574
300668
315118
318030
319580
334034
332486
329568
353288
357090
361398
374362
368927
344019
346942
387374
42170
44332
54254
88526
85332
83248
82186
82186
82586
84166
86735
70899
68537
69016
57823
97546
96186
95843
95843
96186
97546
99771
102805
115647
112958
110997
109804
109404
109504
110997
125289
123435
123168
124498
127374
136755
138747
151593
150430
164106
164707
178766
178028
177781
178336
196046
210416
207738
205987
205186
205186
205613
191972
191514
191514
191972
192885
212699
218402
229819
227128
224796
221252
219259
218808
219008
232483
238128
240331
241561
244272
258726
257322
255996
253583
267987
270433
271770
286218
284873
282396
306965
310061
313756
326893
322293
296809
299314
340072
48810
46855
53324
81869
73931
70899
69016
68377
68537
69807
72279
56479
54702
56479
43367
83248
82186
82053
82586
83248
85332
88365
92255
104605
101191
98553
96755
95843
95728
96755
110997
109504
109804
111884
115647
123168
124498
137475
136835
150503
150722
164707
164173
164173
165172
183852
198273
195092
192885
191686
191457
191686
178028
177781
178028
178766
179990
200913
207366
218402
215366
212699
208529
205987
205186
205186
218858
225917
228429
229819
232856
247309
245751
244272
241561
255996
258726
260207
274662
273180
270433
294582
298027
302088
315118
310061
284873
287634
328200
67008
65598
71601
96629
82891
77978
73931
70899
69807
68537
68537
54902
57823
63781
41293
82186
83248
84166
86735
88365
92255
96897
102191
113464
108722
104605
101191
98553
97546
95843
109404
110303
112958
117250
123007
125289
123079
136835
138747
152244
150722
164173
164707
165770
168332
189497
203950
199542
196046
193510
192372
191686
178028
178766
179990
181690
183852
207366
215262
225524
221794
218402
212699
208529
206466
205613
220058
231295
234500
236225
239914
254312
252449
250660
247309
261763
265096
266871
281297
279535
276217
299314
303574
308417
321190
315118
290671
293976
334034
62526
57866
60912
81381
66312
61503
57823
55498
54902
54902
56479
41293
42083
47244
27749
68537
68537
69016
70899
72279
75837
80335
85627
96898
92255
88365
85332
83248
82586
82186
96186
95843
97546
101191
106580
110303
109804
123168
123879
137475
136755
150503
150503
151085
153035
173471
187927
183852
180781
178766
178028
177781
164106
164373
165172
166496
168332
191170
198826
209210
205611
202383
197107
193510
191972
191514
205613
215366
218402
220055
223618
238031
236225
234500
231295
245751
248946
250660
265096
263393
260207
283598
287634
292290
305125
299314
274662
277841
318030
53324
58348
69603
105051
101191
98553
96755
95843
95728
96186
97546
82586
82186
84166
69016
109804
109404
109504
110303
110997
112958
115647
119015
131696
128661
126249
124498
123435
123168
123435
137475
136755
137475
139614
143109
150722
151085
164373
164373
178028
177843
191686
191457
191686
192885
211508
225917
222834
220606
219259
218858
218858
205186
205186
205613
206466
207738
228429
234500
245751
242875
240331
236277
233661
232672
232483
246337
253583
255996
257322
260207
274662
273180
271770
269172
283598
286218
287634
302088
300668
298027
322293
325648
329568
342644
337739
312459
315118
355765
73440
66771
67008
79802
58834
52525
47244
43367
42083
41026
42083
27351
30751
39223
13675
54702
55498
56479
59507
61503
66312
72026
78446
88526
82891
77978
73931
70899
69807
68377
82186
82586
85332
90209
96897
97546
95843
109404
110997
124498
123168
136755
137075
138033
140633
162295
176731
172009
168332
165770
164707
164173
150503
151085
152244
153964
156229
180419
188978
198826
194810
191170
185102
180781
178766
178028
192372
203950
207366
209210
213161
227511
225524
223618
220055
234500
238031
239914
254312
252449
248946
271770
276217
281297
293976
287634
263393
266871
306740
69016
55498
41293
4685
31263
39901
48810
57866
62428
71601
80820
70283
56226
42170
71601
75418
66771
62526
54254
50263
42706
36013
30751
43367
47244
52525
58834
65876
69603
81381
92804
81869
72026
63781
57823
85627
101468
108039
96898
108722
116047
130034
125218
120937
115647
123435
136835
138033
140633
144559
147862
151674
139469
135314
131696
128661
126249
136835
138747
151593
150722
150430
151593
155030
159015
162295
172009
164106
164373
164707
165770
179990
179318
178766
178028
191972
192885
193510
207738
207050
205987
232672
233661
235486
248996
246871
220058
221252
262524
153035
139614
125289
83248
82891
88526
94755
101468
104978
112254
119822
121071
111144
102191
130727
104488
96629
92804
85413
81869
75158
69069
63781
52525
58834
65876
73440
81381
85460
98024
97621
84219
71071
58348
46402
71601
94704
89026
70283
71601
85441
93132
84219
75418
62526
49734
59507
66312
75158
85413
92804
100526
93789
85460
77371
69603
62278
56479
54902
68377
69016
70899
77978
88526
98057
104978
108039
84166
82586
82186
82186
96186
95843
95728
96186
109504
109504
109804
123879
123435
123079
150722
150503
151593
165172
164106
136835
137475
178766
95843
82186
68377
28911
27127
35535
44332
53324
57866
67008
76206
71071
58348
46402
77371
65598
56226
51541
42170
37484
28113
18742
9371
16578
23201
31263
39901
48810
53324
67008
75418
62526
50263
39223
30751
62278
81381
85413
72026
82891
91574
105051
99469
94489
88365
95843
109404
110303
112958
117250
120937
125218
113464
108722
104605
101191
98553
109804
112958
125289
123879
123168
123879
127374
131696
135314
144559
136835
137475
138033
139614
153964
153035
152244
151085
165172
166496
167351
181690
180781
179318
205613
207050
209422
222834
220058
193510
195092
236277
178336
164707
150722
109404
101191
104605
108722
113464
116047
121590
127582
132625
125218
119015
144114
111144
105051
102191
96898
94489
90209
86735
84166
70899
73931
77978
82891
88526
91574
101468
96629
85413
75158
66312
59507
69603
89599
79802
62526
57866
71601
74969
65598
56226
42170
19611
28911
36013
46402
58348
66771
75418
71601
62428
53324
44332
35535
27351
33156
43367
41293
41293
47244
58834
69603
77371
78446
54902
54902
55498
57823
72279
70899
69807
68537
82586
84166
85332
99771
98553
96755
123168
124498
127374
140633
137475
110997
112958
153964
125289
111884
97546
55498
58834
65876
73440
81381
85460
93789
102298
100526
89062
78446
108576
88664
79802
75418
66771
62526
54254
46402
39223
31263
39901
48810
57866
67008
71601
85441
89026
74969
60912
46855
32799
67008
90070
88664
71071
77371
89599
100526
92804
85413
75158
72279
84166
88365
94489
102191
108039
114357
104978
98057
91574
85627
80335
82586
82586
95843
95843
96755
101191
108722
116047
121590
127563
110303
109504
109404
109804
123879
123435
123168
123168
136755
137075
137475
151593
151085
150503
177843
178028
179318
192885
191514
164373
165172
206466
28113
31263
42706
80335
82586
82053
82586
84166
85332
88365
92255
75837
70899
68537
63781
101191
98553
97546
96186
95843
95843
96755
98553
111884
110303
109504
109504
110303
110997
114214
128661
125289
123435
123168
124498
137475
141799
153964
151085
164707
166496
180781
179318
178336
177781
193510
207738
205987
205186
205346
205987
207050
193510
192372
191686
191457
191686
209422
213985
225917
223768
221995
219609
218808
219259
220058
232908
235486
237158
238128
240331
254749
253583
252499
250579
264897
266879
267987
282396
281266
279229
304488
306965
310061
323347
319522
293574
295661
336665
51541
53324
62526
94755
88365
85332
83248
82186
82053
82586
84166
69016
68537
70899
55498
96186
95728
95843
96755
97546
99771
102805
106580
119015
115647
112958
110997
109804
109504
109804
123879
123079
123879
126249
130103
137075
137475
150722
150722
164373
164173
178028
177781
178028
179318
198273
212699
209422
207050
205613
205186
205186
191514
191514
191972
192885
194246
215366
221794
232856
229819
227128
222834
220058
219008
218808
232672
240331
242875
244272
247309
261763
260207
258726
255996
270433
273180
274662
289118
287634
284873
308961
312459
316543
329568
324466
299314
302088
342644
75418
81381
92804
127582
120937
117250
114214
111884
110997
109804
109404
96186
98553
102805
82586
123435
124498
125289
127374
128661
131696
135314
139469
151674
147862
144559
141799
139614
138747
137075
150503
151593
153964
157559
162295
166496
164173
178028
179990
193510
191972
205346
205987
207050
209422
229819
244272
240331
237158
234786
233661
232908
219259
220058
221252
222834
224796
247309
254312
265096
261763
258726
253583
249745
247759
246871
261351
271770
274662
276217
279535
293976
292290
290671
287634
302088
305125
306740
321190
319580
316543
340072
344019
348489
361398
355765
330997
334034
374362
50263
44332
46855
69603
59507
56479
54902
54902
55498
57823
61503
45104
41293
42083
33156
70899
69016
68537
68537
69016
70899
73931
77978
90209
86735
84166
82586
82053
82186
84166
98553
96186
95843
97546
101191
109404
111884
124498
123079
136755
137475
151593
150722
150430
151085
169437
183852
180781
178766
177843
177843
178336
164707
164173
164173
164707
165770
186461
192942
203950
200913
198273
194246
191972
191457
191686
205132
211508
213985
215366
218402
232856
231295
229819
227128
241561
244272
245751
260207
258726
255996
280211
283598
287634
300668
295661
270433
273180
313756
39901
46402
58834
96897
97546
96186
95728
96186
96755
98553
101191
85332
82586
82186
72279
111884
110303
109804
109404
109504
110303
111884
114214
127374
125289
123879
123168
123168
123435
125289
139614
137475
136755
137475
139614
150503
153035
165770
164173
177843
178766
192885
191972
191514
191686
208529
222834
220606
219259
218808
219008
219609
205987
205346
205132
205346
205987
224796
229819
241561
239186
237158
234177
232672
232530
232908
246203
250579
252499
253583
255996
270433
269172
267987
265848
280211
282396
283598
298027
296809
294582
319522
322293
325648
338875
334703
308961
311227
352137
42706
52525
66312
106580
110303
109504
109504
110303
110997
112958
115647
99771
96755
95728
86735
126249
124498
123879
123168
123079
123435
124498
126249
139614
138033
137075
136755
137075
137475
139614
153964
151593
150503
150722
152244
164373
167351
179990
178028
191686
192885
207050
205987
205346
205186
221252
235486
233661
232672
232530
232908
233661
220058
219259
218858
218858
219259
237158
241561
253583
251497
249745
247271
246203
246337
246871
260003
263234
264897
265848
267987
282396
281266
280211
278324
292638
294582
295661
310061
308961
306965
332234
334703
337739
351044
347271
321304
323347
364376
150722
137075
123168
82186
73931
77978
82891
88526
91574
98057
104978
108039
99469
92255
118759
89062
81869
78446
72026
69069
63781
59507
56479
43367
47244
52525
58834
65876
69603
81381
79802
66771
54254
42706
33156
53324
76206
70283
51541
53324
67008
75418
66771
58348
46402
42083
54902
57823
63781
72026
78446
85413
77371
69603
62278
55572
49734
54902
59507
70899
69016
68377
70899
77978
85627
91574
96898
82053
82586
83248
85332
99771
98553
97546
96186
110303
111884
112958
127374
126249
124498
150722
152244
155030
168332
165172
138747
140633
181690
98553
85332
70899
28911
44332
53324
62428
71601
76206
85441
94704
88664
75418
62526
93789
84340
74969
70283
60912
56226
46855
37484
28113
31263
39901
48810
57866
67008
71601
85441
93132
79802
66771
54254
42706
77371
98024
100526
85413
94755
104978
117669
111144
105051
96898
98553
110997
114214
119015
125218
130034
135329
124534
118759
113464
108722
104605
109804
109804
123168
123168
123879
127374
133435
139469
144114
151674
137475
136835
136755
137075
151085
150722
150503
150503
164106
164373
164707
178766
178336
177843
205186
205346
206466
220058
218858
191686
192372
233661
164106
150430
136835
96755
84166
86735
90209
94489
96898
102191
108039
113464
106580
101191
125218
91574
85627
82891
77978
75837
72279
69807
68537
54902
56479
59507
63781
69069
72026
81869
77371
65876
55572
47244
42083
50263
71071
62428
44332
42170
56226
62428
53324
44332
31263
27351
41293
42083
47244
55572
62278
69603
62526
54254
46402
39223
33156
43367
52525
61503
57823
55498
55498
61503
69069
75158
80335
69016
70899
72279
75837
90209
88365
86735
84166
98553
101191
102805
117250
115647
112958
138033
140633
144559
157559
153035
127374
130103
170664
249745
236277
221995
179990
175046
178523
182416
186698
188978
193795
198938
205505
198826
192942
217444
182360
177232
174799
170218
168076
164111
160595
157559
144559
147862
151674
155956
160671
163179
171254
163592
154694
146606
139469
133435
138139
153568
140676
127582
117669
128119
123699
116005
108576
98057
69069
55572
65876
77371
89599
98024
106607
112580
104488
96629
89062
81869
49734
42083
30751
36013
42706
58348
75418
88664
97621
85441
35535
27127
23201
16578
4685
9371
14056
23427
23201
16578
14455
27351
27749
30751
59507
55498
54902
68537
69807
42083
41026
82186
137075
123435
110303
72279
55498
57823
61503
66312
69069
75158
81869
85627
77978
72279
96898
65876
58834
55572
49734
47244
43367
41293
41293
27749
27749
30751
36013
42706
46402
58348
57866
44332
31263
19611
13675
32799
56226
53324
35535
42706
54254
65876
58834
52525
45104
55498
69807
68377
69807
73931
77978
82891
72026
66312
61503
57823
55498
72279
80335
90209
86735
84166
82053
84166
88365
92255
101191
97546
99771
101191
104605
119015
117250
115647
112958
127374
130103
131696
146145
144559
141799
166496
169437
173471
186461
181690
156229
159015
199542
43367
30751
16578
27351
52525
58834
65876
73440
77371
85460
93789
79802
66771
54254
76206
92804
85413
81869
75158
72026
66312
61503
57823
70899
73931
77978
82891
88526
91574
101468
114357
105051
96897
90209
85332
111019
124534
132625
123007
135314
141733
155956
151674
147862
143109
151085
164373
165770
168332
172009
175046
178523
166039
162295
159015
156229
153964
164106
165172
178336
177843
177843
179318
182714
186461
189497
199542
191514
191514
191686
192372
206466
205987
205613
205186
219008
219609
220058
234177
233661
232908
259877
260509
261896
275469
273871
246871
247759
289052
194246
180781
166496
124498
120937
125218
130034
135329
138139
144052
150317
154694
146606
139469
165782
133962
127582
124534
118759
116047
111019
106580
102805
90209
94489
99469
105051
111144
114357
124557
119822
108576
98057
88526
80335
92804
112580
102298
85460
79802
93132
94704
85441
76206
62428
32799
31263
44332
57866
71601
80820
90070
89026
79654
70283
60912
51541
23201
13675
27749
30751
36013
50263
66771
79802
88664
85460
47244
43367
42083
41026
54902
54702
54902
56479
69016
68377
68537
82586
82186
82186
110303
109404
110303
123879
123168
95728
96186
137475
192885
179318
165172
123435
117250
120937
125218
130034
132625
138139
144052
149204
141733
135314
160671
127582
121590
118759
113464
111019
106580
102805
99771
86735
90209
94489
99469
105051
108039
117669
112254
101468
91574
82891
75837
85413
104488
93789
77371
71071
84219
85441
76206
67008
53324
23427
23201
35535
48810
62428
71601
80820
79654
70283
60912
51541
42170
16578
16578
27749
27749
30751
42706
58348
71071
79802
77371
43367
41293
41026
42083
56479
55498
54902
54902
68377
69016
69807
84166
83248
82186
109504
109804
111884
125289
123168
96186
97546
138747
260003
246337
232908
192885
178028
178766
179990
181690
182714
185102
187927
198273
195092
192885
211508
172009
169437
168332
166496
165770
164707
164173
164173
150503
150503
151085
152244
153964
155030
159015
147862
143109
139614
137475
136755
127374
135314
120937
114214
101191
106580
96898
92255
88365
84166
69016
56479
54702
56479
61503
66312
72026
82891
77978
73931
70899
69016
59507
69069
55572
49734
45104
41026
45104
52525
58834
42706
33156
39223
42706
50263
48810
44332
39901
31263
32799
42170
46855
53324
48810
39901
49734
58834
69603
78446
66312
50263
58348
88526
278324
264897
252499
215366
194246
192885
191972
191514
191457
191686
192372
205346
205186
205987
219008
178028
177781
177843
178336
178766
179990
181690
183852
170664
168332
166496
165172
164373
164173
164373
151085
150430
151085
153035
156229
137075
137475
123435
123435
109804
109504
96186
95728
96186
98553
96897
88526
80335
73931
69807
68537
68537
82186
82186
83248
85332
88365
94755
108576
96629
89062
81869
69069
59507
55498
54702
42083
73440
81381
85460
93789
93132
88664
84219
75418
76206
85441
90070
93711
89026
79654
75418
88664
102127
106607
89599
85441
94704
112580
260888
247271
234177
195092
177843
177843
178336
179318
179990
181690
183852
195092
192885
191686
208529
168332
166496
165770
164707
164373
164106
164373
165172
151593
150722
150430
150722
151593
152244
155030
143109
139614
137475
136755
137475
124498
130103
115647
110997
97546
101191
90209
86735
84166
82186
72279
61503
56479
54702
56479
59507
63781
75837
72279
69807
68537
68537
66312
78446
65876
58834
52525
43367
41293
45104
49734
33156
42706
50263
54254
62526
62428
57866
53324
44332
46855
56226
60912
67008
62428
53324
58834
69603
81381
89062
75158
62526
71071
98057
288558
274951
261896
222834
205346
205132
205346
205987
206466
207738
209422
221252
219609
218858
234786
194246
192885
192372
191686
191514
191514
191972
192885
179318
178336
177843
177843
178336
178766
180781
168332
165770
164373
164173
165172
151085
155030
140633
137475
123879
126249
114214
111884
110303
109404
99771
88365
84166
82186
82586
84166
86735
99771
97546
96186
95728
96186
92255
102191
88526
82891
77978
70899
68377
69807
72279
56479
66312
72026
75158
81869
77371
73440
69603
62278
58348
66771
71071
71601
67008
57866
48810
62428
76206
79802
62526
60912
70283
85460
259834
246159
232530
191972
178766
179990
181690
183852
185102
187927
191170
200913
197107
194246
213985
175046
172009
170664
168332
167351
165770
164707
164173
150503
151085
152244
153964
156229
157559
162295
151674
146145
141799
138747
137075
130103
139469
125218
117250
104605
111019
102191
96898
92255
86735
68377
54902
55498
59507
66312
72026
78446
88526
82891
77978
73931
70899
56479
63781
49734
45104
42083
42083
49734
58834
65876
50263
28911
33156
36013
42706
39901
35535
31263
23201
23427
32799
37484
44332
39901
31263
45104
52525
62278
72026
61503
42706
50263
82891
246560
232908
219609
179990
164173
164707
165770
167351
168332
170664
173471
183852
180781
178766
197107
157559
155030
153964
152244
151593
150722
150430
150722
137075
136755
137075
138033
139614
140633
144559
133435
128661
125289
123435
123168
112958
120937
106580
99771
86735
92255
82891
77978
73931
69807
56479
45104
41293
42083
47244
52525
58834
69069
63781
59507
56479
54902
49734
62278
50263
42706
36013
27749
30751
39223
46402
31263
27127
35535
39901
48810
51541
46855
42170
32799
39901
48810
53324
62526
58348
50263
63781
72026
81869
91574
80335
62278
69603
102191
246203
232530
218808
178028
165770
167351
169437
172009
173471
176731
180419
189497
185102
181690
202383
164111
160595
159015
156229
155030
153035
151593
150722
137075
138033
139614
141799
144559
146145
151674
141733
135314
130103
126249
123879
119015
130034
116047
106580
94489
102191
94755
88526
82891
75837
54902
41026
43367
49734
58834
65876
73440
81869
75158
69069
63781
59507
42083
49734
36013
30751
27749
30751
42706
54254
62526
48810
14455
19611
23201
31263
32799
28113
23427
14056
23201
31263
35535
46402
42706
36013
56479
61503
69069
80335
72279
49734
55572
92255
165172
151593
137475
95843
90209
94489
99469
105051
108039
114357
121071
124534
116047
108722
135329
104978
98057
94755
88526
85627
80335
75837
72279
59507
63781
69069
75158
81869
85413
96629
93789
81381
69603
58834
49734
66771
88664
80820
62428
60912
74969
80820
71601
62428
48810
33156
43367
49734
58834
69603
77371
85460
79802
71071
62526
54254
46402
41293
43367
55498
54702
55498
61503
72026
81869
89062
91574
69016
68377
68537
69807
84166
83248
82586
82053
95843
96755
97546
111884
110997
109804
136755
137475
139614
153035
150722
123879
125289
166496
360743
347271
332993
290983
284873
287634
290671
293976
295725
299414
303348
311956
306740
302088
324590
286976
283125
281297
277841
276217
273180
270433
267987
254749
257322
260207
263393
266871
268716
274655
264676
258252
252449
247309
242875
241874
252748
238580
229576
217444
224449
215517
210362
205505
198826
175046
160595
166039
172460
179753
185049
190659
201624
196328
191344
186698
182416
157559
153035
140633
143109
146145
153758
163179
171254
177053
160544
133435
130103
128661
126249
111884
112958
114214
117250
102805
99771
98553
84166
85332
88365
69069
61503
56479
43367
52525
73931
70899
30751
273871
260214
246871
207050
191514
191972
192885
194246
195092
197107
199542
210416
207738
205987
223768
183852
181690
180781
179318
178766
178028
177781
178028
164373
164106
164373
165172
166496
167351
170664
159015
155030
152244
150722
150503
139614
146145
131696
126249
112958
117250
106580
102805
99771
96755
83248
70899
68537
69016
72279
75837
80335
92255
88365
85332
83248
82186
73931
82891
69069
63781
59507
54902
56479
61503
66312
49734
47244
52525
55572
62278
58348
54254
50263
42706
39901
48810
53324
56226
51541
42170
42706
54254
66771
73440
58834
48810
57866
81869
273550
259877
246159
205346
192885
194246
196046
198273
199542
202383
205611
215366
211508
208529
228429
189497
186461
185102
182714
181690
179990
178766
178028
164373
165172
166496
168332
170664
172009
176731
166039
160595
156229
153035
151085
144559
153758
139469
131696
119015
125218
116047
111019
106580
101191
82186
68377
69807
73931
80335
85627
91574
102191
96897
92255
88365
85332
69016
73931
59507
56479
54902
56479
63781
72026
78446
62278
41293
43367
45104
49734
42706
39223
36013
30751
23201
31263
35535
37484
32799
23427
30751
39223
50263
58834
47244
31263
39901
69069
274951
261351
248334
209422
191686
191457
191686
192372
192885
194246
196046
207738
205987
205186
221252
180781
179318
178766
178028
177843
177843
178336
179318
165770
164707
164173
164173
164707
165172
167351
155030
152244
150722
150503
151593
137475
141799
127374
123879
110303
112958
101191
98553
96755
95728
86735
75837
70899
68537
69016
70899
73931
86735
84166
82586
82053
82586
80335
91574
78446
72026
66312
57823
54702
56479
59507
43367
55572
62278
65876
73440
71071
66771
62526
54254
53324
62428
67008
70283
65598
56226
54254
66771
79802
85460
69603
62428
71601
92804
314850
301189
287796
247759
232530
232908
233661
234786
235486
237158
239186
250579
248334
246871
264025
223768
221995
221252
220058
219609
219008
218808
219008
205346
205132
205346
205987
207050
207738
210416
198273
195092
192885
191686
191514
179990
185102
170664
166496
153035
156229
144559
141799
139614
137475
123879
110997
109504
109804
111884
114214
117250
130103
127374
125289
123879
123168
112958
119015
104605
101191
98553
95843
96755
99771
102805
86735
85332
88365
90209
94489
85627
82891
80335
75837
66312
72026
75158
69603
65876
58834
35535
48810
62428
60912
42170
54254
62526
62428
317351
303802
290983
252499
233661
232908
232530
232530
232672
233238
234177
246871
246203
246337
260509
219609
219008
218858
218858
219008
219609
220606
221995
208529
207050
205987
205346
205132
205186
205987
192885
191686
191514
192372
194246
177781
179318
165172
164106
150430
151085
138033
137075
136755
137475
130103
119015
114214
110997
109504
109504
110303
123879
123168
123168
123879
125289
123007
132625
118759
113464
108722
101191
96755
95728
96186
82053
96898
102191
105051
111144
104978
101468
98057
91574
85413
92804
96629
93789
89599
81381
62428
76206
90070
89026
70283
79802
88664
90070
304488
290983
278324
240331
220606
219609
219008
218808
218858
219259
220058
232908
232483
232908
246560
205613
205186
205132
205346
205613
206466
207738
209422
196046
194246
192885
191972
191514
191457
191972
178766
177843
178028
179318
181690
164173
165172
151085
150503
136835
137075
123879
123168
123168
124498
119015
108722
102805
98553
96186
95728
96186
109804
109404
109804
110997
112958
113464
124534
111144
105051
99469
90209
84166
82186
82186
68537
88526
94755
98057
104978
100526
96629
92804
85413
81381
89599
93789
93132
88664
79802
65598
79654
93711
94704
76206
80820
90070
97621
342689
329047
315790
276066
259877
259877
260214
260888
261351
262524
264025
276066
274511
273670
289621
248996
247759
247271
246560
246337
246159
246337
246871
233238
232672
232483
232672
233238
233661
235486
222834
220606
219259
218808
219259
205987
209422
195092
192372
178766
180781
168332
166496
165172
164173
152244
139614
137475
136755
137475
138747
140633
153964
152244
151085
150503
150503
141799
147862
133435
130103
127374
123879
123168
124498
126249
110997
114214
117250
119015
123007
113464
111019
108722
104605
94489
99469
102191
94755
91574
85627
58834
69603
81381
75418
58348
78446
85413
71601
343457
329847
316762
277494
260214
259877
259877
260214
260509
261351
262524
274951
273871
273510
288558
247759
246871
246560
246203
246159
246337
246871
247759
234177
233238
232672
232483
232672
232908
234177
221252
219609
218858
219008
220058
205346
207738
193510
191686
178028
179318
166496
165172
164373
164173
153964
141799
138747
137075
136835
137475
138747
152244
151085
150503
150503
151085
144559
151674
137327
133435
130103
125289
123168
123435
124498
109804
117250
120937
123007
127563
118759
116047
113464
108722
99469
105051
108039
101468
98057
91574
65876
77371
89599
84219
66771
85413
92804
80820
330910
317351
304488
265848
247271
246560
246203
246203
246337
246871
247759
260509
259877
260003
274151
233238
232672
232530
232530
232672
233238
234177
235486
221995
220606
219609
219008
218808
218858
219609
206466
205346
205186
205987
207738
191457
192885
178766
177781
164106
164707
151593
150722
150430
151085
143109
131696
127374
124498
123168
123168
123879
137475
136835
136835
137475
138747
135314
144114
130034
125218
120937
114214
110303
109404
109804
95728
108722
113464
116047
121590
114357
111144
108039
102191
94755
101468
104978
100526
96629
89062
66771
79802
93132
90070
71601
85460
93789
89026
329047
315408
302171
262524
246203
246203
246560
247271
247759
248996
250579
262524
260888
260003
276066
235486
234177
233661
232908
232672
232483
232672
233238
219609
219008
218808
219008
219609
220058
221995
209422
207050
205613
205132
205613
192372
196046
181690
178766
165172
167351
155030
153035
151593
150503
138747
126249
123879
123079
123879
125289
127374
140633
138747
137475
136835
136835
128661
135314
120937
117250
114214
110303
109504
110997
112958
97546
101191
104605
106580
111019
102191
99469
96898
92255
82891
88526
91574
85413
81869
75158
50263
62526
75418
71601
53324
69603
77371
70283
341919
328245
314676
274151
260214
260888
261896
263234
264025
265848
267987
279229
276742
274951
292638
252499
250579
249745
248334
247759
246871
246337
246159
232483
232672
233238
234177
235486
236277
239186
227128
223768
221252
219609
218858
208529
213985
199542
195092
181690
185102
173471
170664
168332
165770
150503
137075
136835
138033
140633
143109
146145
159015
156229
153964
152244
151085
138033
141799
127374
125289
123879
123168
125289
128661
131696
115647
110303
111884
112958
115647
104605
102805
101191
98553
86735
90209
92255
82891
80335
75837
47244
55572
65876
58348
42706
66312
72026
53324
342689
329047
315094
273670
263234
264897
266879
269172
270433
273180
276217
286218
282396
279229
299314
260207
257322
255996
253583
252499
250579
248996
247759
234177
235486
237158
239186
241561
242875
247309
236225
231295
227128
223768
221252
215366
223618
209210
202383
189497
194810
184510
180419
176731
172009
152244
138033
140633
144559
149707
153758
158262
170218
166039
162295
159015
156229
137075
137075
123168
123168
123879
127374
133435
139469
144114
127563
110303
109504
109404
109804
96755
96186
95843
95843
82053
82586
83248
70899
69807
68537
41293
42083
47244
36013
27749
55498
57823
27127
357533
343936
329847
288139
279229
281266
283598
286218
287634
290671
293976
303574
299314
295661
316543
277841
274662
273180
270433
269172
266879
264897
263234
249745
251497
253583
255996
258726
260207
265096
254312
248946
244272
240331
237158
232856
241874
227511
220055
207366
213161
203195
198826
194810
189497
168332
153964
157559
162295
168076
172460
177232
188978
184510
180419
176731
173471
152244
150503
137075
138033
139614
144559
151674
158262
163179
146606
126249
124498
123879
123168
109404
109504
109804
110997
96755
95843
95728
82186
82053
82586
57823
54902
55498
42083
42083
68537
68537
28911
328245
314571
301007
260509
246560
247271
248334
249745
250579
252499
254749
265848
263234
261351
279229
239186
237158
236277
234786
234177
233238
232672
232483
218808
219008
219609
220606
221995
222834
225917
213985
210416
207738
205987
205186
195092
200913
186461
181690
168332
172009
160595
157559
155030
152244
136835
123435
123168
124498
127374
130103
133435
146145
143109
140633
138747
137475
124498
128661
114214
111884
110303
109504
111884
115647
119015
102805
96755
98553
99771
102805
92255
90209
88365
85332
73931
77978
80335
72026
69069
63781
36013
46402
58348
53324
35535
55572
62278
51541
342176
328513
315094
274951
259877
260214
260888
261896
262524
264025
265848
277494
275469
274151
290983
250579
248996
248334
247271
246871
246337
246159
246337
232672
232483
232672
233238
234177
234786
237158
224796
221995
220058
219008
218858
207050
211508
197107
193510
179990
182714
170664
168332
166496
164707
151085
138033
136835
137075
138747
140633
143109
156229
153964
152244
151085
150503
139614
144559
130103
127374
125289
123168
123879
126249
128661
112958
111884
114214
115647
119015
108722
106580
104605
101191
90209
94489
96898
88526
85627
80335
52525
62278
73440
66771
50263
72026
78446
62428
328747
315094
301189
259877
248996
250579
252499
254749
255996
258726
261763
271770
267987
264897
284873
245751
242875
241561
239186
238128
236277
234786
233661
220058
221252
222834
224796
227128
228429
232856
221794
216839
212699
209422
207050
200913
209210
194810
187927
175046
180419
170218
166039
162295
157559
138033
123879
126249
130103
135314
139469
144114
155956
151674
147862
144559
141799
123168
123879
109804
109404
109804
112958
119015
125218
130034
113464
96186
95728
95843
96755
84166
83248
82586
82053
68537
69807
70899
59507
57823
55498
27351
30751
39223
31263
16578
43367
47244
28113
356334
342689
328747
287338
276742
278324
280211
282396
283598
286218
289118
299314
295661
292638
312459
273180
270433
269172
266879
265848
264025
262524
261351
247759
248996
250579
252499
254749
255996
260207
248946
244272
240331
237158
234786
228429
236225
221794
215366
202383
207366
196773
192942
189497
185102
165770
151593
153964
157559
162295
166039
170218
182416
178523
175046
172009
169437
150722
150722
136835
136835
137475
140633
146145
151674
155956
139469
123879
123168
123079
123435
110303
109804
109504
109504
95728
96186
96755
84166
83248
82186
54902
55498
59507
47244
41293
69016
70899
36013
36013
47244
61503
102805
109504
109504
110303
111884
112958
115647
119015
102805
98553
96186
90209
128661
126249
125289
123879
123435
123079
123435
124498
138033
137075
136755
137075
138033
138747
141799
156229
153035
151085
150430
151085
165172
169437
181690
178766
192372
194246
208529
207050
205987
205186
220058
234177
232908
232483
232908
233661
234786
221252
220058
219259
218858
218858
235486
239186
251497
249745
248334
246560
246203
246871
247759
260509
261896
263234
264025
265848
280211
279229
278324
276742
290983
292638
293574
307929
306965
305244
330910
332993
335653
349037
345751
319522
321304
362443
